#x(km) y(km) depth(km) Pressure(bar) Temperature(oC) Density(kg/m3) Vs_diff(km/s)
    65.000     65.000    335.000 112863.000   1358.065   3562.960      0.002
    70.000     70.000    335.000 112863.000   1358.065   3562.960      0.000
    75.000     75.000    335.000 112863.000   1365.850   3562.295      0.002
    80.000     80.000    335.000 112863.000   1373.630   3561.675      0.001
    85.000     85.000    335.000 112863.000   1373.630   3561.675      0.001
    90.000     90.000    335.000 112863.000   1373.630   3561.675      0.002
    95.000     95.000    335.000 112863.000   1373.630   3561.675      0.001
   100.000    100.000    335.000 112863.000   1373.630   3561.675      0.001
   105.000    105.000    335.000 112863.000   1373.630   3561.675      0.002
   110.000    110.000    335.000 112863.000   1373.630   3561.675      0.002
   115.000    115.000    335.000 112863.000   1365.850   3562.295      0.000
   120.000    120.000    335.000 112863.000   1365.850   3562.295      0.001
   125.000    125.000    335.000 112863.000   1365.850   3562.295      0.002
   130.000    130.000    335.000 112863.000   1365.850   3562.295      0.003
   135.000    135.000    335.000 112863.000   1373.630   3561.675      0.002
   140.000    140.000    335.000 112863.000   1381.410   3560.890      0.001
   145.000    145.000    335.000 112863.000   1373.630   3561.675      0.000
   150.000    150.000    335.000 112863.000   1373.630   3561.675      0.001
   155.000    155.000    335.000 112863.000   1373.630   3561.675      0.002
   160.000    160.000    335.000 112863.000   1365.850   3562.295      0.002
   165.000    165.000    335.000 112863.000   1358.065   3562.960      0.000
   170.000    170.000    335.000 112863.000   1342.500   3564.120      0.000
   175.000    175.000    335.000 112863.000   1334.720   3564.425      0.000
   180.000    180.000    335.000 112863.000   1326.935   3564.880      0.000
   185.000    185.000    335.000 112863.000   1319.150   3565.440      0.001
   190.000    190.000    335.000 112863.000   1319.150   3565.440      0.003
     0.000      0.000    330.000 110720.000   1482.590   3546.195      0.002
     5.000      5.000    330.000 110720.000   1474.805   3546.820      0.001
    10.000     10.000    330.000 110720.000   1459.240   3548.135      0.002
    15.000     15.000    330.000 110720.000   1467.020   3547.445      0.002
    20.000     20.000    330.000 110720.000   1467.020   3547.445      0.000
    25.000     25.000    330.000 110720.000   1467.020   3547.445      0.001
    30.000     30.000    330.000 110720.000   1451.455   3548.885      0.001
    35.000     35.000    330.000 110720.000   1428.110   3550.565      0.000
    40.000     40.000    330.000 110720.000   1428.110   3550.565      0.003
    45.000     45.000    330.000 110720.000   1420.325   3551.030      0.002
    50.000     50.000    330.000 110720.000   1412.540   3551.390      0.002
    55.000     55.000    330.000 110720.000   1389.195   3553.105      0.001
    60.000     60.000    330.000 110720.000   1381.410   3553.880      0.002
    65.000     65.000    330.000 110720.000   1350.280   3556.715      0.000
    70.000     70.000    330.000 110720.000   1358.065   3556.060      0.000
    75.000     75.000    330.000 110720.000   1365.850   3555.435      0.002
    80.000     80.000    330.000 110720.000   1373.630   3554.765      0.001
    85.000     85.000    330.000 110720.000   1373.630   3554.765      0.001
    90.000     90.000    330.000 110720.000   1373.630   3554.765      0.002
    95.000     95.000    330.000 110720.000   1373.630   3554.765      0.001
   100.000    100.000    330.000 110720.000   1373.630   3554.765      0.001
   105.000    105.000    330.000 110720.000   1373.630   3554.765      0.002
   110.000    110.000    330.000 110720.000   1373.630   3554.765      0.002
   115.000    115.000    330.000 110720.000   1365.850   3555.435      0.000
   120.000    120.000    330.000 110720.000   1365.850   3555.435      0.001
   125.000    125.000    330.000 110720.000   1365.850   3555.435      0.001
   130.000    130.000    330.000 110720.000   1358.065   3556.060      0.001
   135.000    135.000    330.000 110720.000   1365.850   3555.435      0.001
   140.000    140.000    330.000 110720.000   1381.410   3553.880      0.000
   145.000    145.000    330.000 110720.000   1373.630   3554.765      0.001
   150.000    150.000    330.000 110720.000   1373.630   3554.765      0.002
   155.000    155.000    330.000 110720.000   1365.850   3555.435      0.000
   160.000    160.000    330.000 110720.000   1365.850   3555.435      0.002
   165.000    165.000    330.000 110720.000   1358.065   3556.060      0.001
   170.000    170.000    330.000 110720.000   1342.500   3557.190      0.001
   175.000    175.000    330.000 110720.000   1334.720   3557.630      0.001
   180.000    180.000    330.000 110720.000   1326.935   3558.215      0.000
   185.000    185.000    330.000 110720.000   1319.150   3558.635      0.001
   190.000    190.000    330.000 110720.000   1319.150   3558.635      0.002
     0.000      0.000    325.000 109292.000   1490.370   3540.900      0.001
     5.000      5.000    325.000 109292.000   1482.590   3541.670      0.001
    10.000     10.000    325.000 109292.000   1474.805   3542.710      0.002
    15.000     15.000    325.000 109292.000   1474.805   3542.710      0.000
    20.000     20.000    325.000 109292.000   1482.590   3541.670      0.002
    25.000     25.000    325.000 109292.000   1482.590   3541.670      0.003
    30.000     30.000    325.000 109292.000   1459.240   3543.990      0.000
    35.000     35.000    325.000 109292.000   1443.670   3545.620      0.002
    40.000     40.000    325.000 109292.000   1435.890   3546.095      0.002
    45.000     45.000    325.000 109292.000   1428.110   3546.490      0.002
    50.000     50.000    325.000 109292.000   1420.325   3546.700      0.003
    55.000     55.000    325.000 109292.000   1396.980   3548.045      0.001
    60.000     60.000    325.000 109292.000   1381.410   3549.650      0.001
    65.000     65.000    325.000 109292.000   1358.065   3551.720      0.000
    70.000     70.000    325.000 109292.000   1365.850   3551.135      0.002
    75.000     75.000    325.000 109292.000   1373.630   3550.600      0.003
    80.000     80.000    325.000 109292.000   1381.410   3549.650      0.002
    85.000     85.000    325.000 109292.000   1373.630   3550.600      0.000
    90.000     90.000    325.000 109292.000   1373.630   3550.600      0.000
    95.000     95.000    325.000 109292.000   1381.410   3549.650      0.002
   100.000    100.000    325.000 109292.000   1373.630   3550.600      0.000
   105.000    105.000    325.000 109292.000   1373.630   3550.600      0.001
   110.000    110.000    325.000 109292.000   1373.630   3550.600      0.001
   115.000    115.000    325.000 109292.000   1373.630   3550.600      0.002
   120.000    120.000    325.000 109292.000   1373.630   3550.600      0.003
   125.000    125.000    325.000 109292.000   1365.850   3551.135      0.000
   130.000    130.000    325.000 109292.000   1365.850   3551.135      0.002
   135.000    135.000    325.000 109292.000   1373.630   3550.600      0.002
   140.000    140.000    325.000 109292.000   1381.410   3549.650      0.000
   145.000    145.000    325.000 109292.000   1373.630   3550.600      0.000
   150.000    150.000    325.000 109292.000   1373.630   3550.600      0.001
   155.000    155.000    325.000 109292.000   1373.630   3550.600      0.002
   160.000    160.000    325.000 109292.000   1365.850   3551.135      0.001
   165.000    165.000    325.000 109292.000   1358.065   3551.720      0.000
   170.000    170.000    325.000 109292.000   1350.280   3552.230      0.002
   175.000    175.000    325.000 109292.000   1342.500   3552.695      0.002
   180.000    180.000    325.000 109292.000   1334.720   3553.215      0.001
   185.000    185.000    325.000 109292.000   1326.935   3553.660      0.002
   190.000    190.000    325.000 109292.000   1319.150   3554.065      0.001
     0.000      0.000    320.000 107149.000   1498.150   3533.290      0.001
     5.000      5.000    320.000 107149.000   1498.150   3533.290      0.002
    10.000     10.000    320.000 107149.000   1482.590   3535.065      0.003
    15.000     15.000    320.000 107149.000   1482.590   3535.065      0.000
    20.000     20.000    320.000 107149.000   1490.370   3533.830      0.002
    25.000     25.000    320.000 107149.000   1490.370   3533.830      0.002
    30.000     30.000    320.000 107149.000   1474.805   3536.175      0.002
    35.000     35.000    320.000 107149.000   1451.455   3538.035      0.001
    40.000     40.000    320.000 107149.000   1443.670   3538.855      0.002
    45.000     45.000    320.000 107149.000   1435.890   3539.420      0.002
    50.000     50.000    320.000 107149.000   1428.110   3539.475      0.002
    55.000     55.000    320.000 107149.000   1404.760   3540.770      0.002
    60.000     60.000    320.000 107149.000   1389.195   3542.010      0.000
    65.000     65.000    320.000 107149.000   1365.850   3544.415      0.003
    70.000     70.000    320.000 107149.000   1373.630   3543.880      0.002
    75.000     75.000    320.000 107149.000   1373.630   3543.880      0.001
    80.000     80.000    320.000 107149.000   1389.195   3542.010      0.002
    85.000     85.000    320.000 107149.000   1381.410   3542.970      0.001
    90.000     90.000    320.000 107149.000   1381.410   3542.970      0.001
    95.000     95.000    320.000 107149.000   1381.410   3542.970      0.000
   100.000    100.000    320.000 107149.000   1381.410   3542.970      0.001
   105.000    105.000    320.000 107149.000   1381.410   3542.970      0.001
   110.000    110.000    320.000 107149.000   1381.410   3542.970      0.002
   115.000    115.000    320.000 107149.000   1373.630   3543.880      0.000
   120.000    120.000    320.000 107149.000   1373.630   3543.880      0.002
   125.000    125.000    320.000 107149.000   1373.630   3543.880      0.002
   130.000    130.000    320.000 107149.000   1365.850   3544.415      0.001
   135.000    135.000    320.000 107149.000   1373.630   3543.880      0.001
   140.000    140.000    320.000 107149.000   1389.195   3542.010      0.000
   145.000    145.000    320.000 107149.000   1381.410   3542.970      0.001
   150.000    150.000    320.000 107149.000   1373.630   3543.880      0.000
   155.000    155.000    320.000 107149.000   1373.630   3543.880      0.001
   160.000    160.000    320.000 107149.000   1365.850   3544.415      0.000
   165.000    165.000    320.000 107149.000   1365.850   3544.415      0.002
   170.000    170.000    320.000 107149.000   1350.280   3545.205      0.001
   175.000    175.000    320.000 107149.000   1342.500   3545.805      0.001
   180.000    180.000    320.000 107149.000   1334.720   3546.405      0.000
   185.000    185.000    320.000 107149.000   1326.935   3546.895      0.001
   190.000    190.000    320.000 107149.000   1326.935   3546.895      0.002
     0.000      0.000    315.000 105721.000   1529.280   3527.085      0.002
     5.000      5.000    315.000 105721.000   1521.500   3527.645      0.001
    10.000     10.000    315.000 105721.000   1505.935   3528.655      0.000
    15.000     15.000    315.000 105721.000   1513.720   3528.320      0.002
    20.000     20.000    315.000 105721.000   1513.720   3528.320      0.000
    25.000     25.000    315.000 105721.000   1513.720   3528.320      0.002
    30.000     30.000    315.000 105721.000   1498.150   3528.775      0.001
    35.000     35.000    315.000 105721.000   1474.805   3531.005      0.000
    40.000     40.000    315.000 105721.000   1467.020   3531.980      0.000
    45.000     45.000    315.000 105721.000   1459.240   3532.780      0.001
    50.000     50.000    315.000 105721.000   1451.455   3533.530      0.002
    55.000     55.000    315.000 105721.000   1428.110   3534.570      0.002
    60.000     60.000    315.000 105721.000   1412.540   3535.665      0.001
    65.000     65.000    315.000 105721.000   1389.195   3537.535      0.001
    70.000     70.000    315.000 105721.000   1396.980   3536.915      0.003
    75.000     75.000    315.000 105721.000   1396.980   3536.915      0.001
    80.000     80.000    315.000 105721.000   1404.760   3536.295      0.000
    85.000     85.000    315.000 105721.000   1404.760   3536.295      0.001
    90.000     90.000    315.000 105721.000   1404.760   3536.295      0.001
    95.000     95.000    315.000 105721.000   1404.760   3536.295      0.001
   100.000    100.000    315.000 105721.000   1404.760   3536.295      0.001
   105.000    105.000    315.000 105721.000   1404.760   3536.295      0.002
   110.000    110.000    315.000 105721.000   1396.980   3536.915      0.000
   115.000    115.000    315.000 105721.000   1396.980   3536.915      0.001
   120.000    120.000    315.000 105721.000   1396.980   3536.915      0.002
   125.000    125.000    315.000 105721.000   1396.980   3536.915      0.002
   130.000    130.000    315.000 105721.000   1389.195   3537.535      0.001
   135.000    135.000    315.000 105721.000   1396.980   3536.915      0.002
   140.000    140.000    315.000 105721.000   1412.540   3535.665      0.002
   145.000    145.000    315.000 105721.000   1404.760   3536.295      0.002
   150.000    150.000    315.000 105721.000   1396.980   3536.915      0.001
   155.000    155.000    315.000 105721.000   1396.980   3536.915      0.002
   160.000    160.000    315.000 105721.000   1389.195   3537.535      0.000
   165.000    165.000    315.000 105721.000   1389.195   3537.535      0.002
   170.000    170.000    315.000 105721.000   1373.630   3539.045      0.002
   175.000    175.000    315.000 105721.000   1365.850   3539.870      0.001
   180.000    180.000    315.000 105721.000   1358.065   3540.455      0.001
   185.000    185.000    315.000 105721.000   1350.280   3540.875      0.002
   190.000    190.000    315.000 105721.000   1342.500   3541.345      0.000
     0.000      0.000    310.000 103578.000   1552.630   3517.780      0.001
     5.000      5.000    310.000 103578.000   1552.630   3517.780      0.002
    10.000     10.000    310.000 103578.000   1537.065   3519.095      0.002
    15.000     15.000    310.000 103578.000   1537.065   3519.095      0.000
    20.000     20.000    310.000 103578.000   1544.850   3518.375      0.001
    25.000     25.000    310.000 103578.000   1537.065   3519.095      0.000
    30.000     30.000    310.000 103578.000   1529.280   3519.835      0.003
    35.000     35.000    310.000 103578.000   1505.935   3521.510      0.002
    40.000     40.000    310.000 103578.000   1498.150   3521.990      0.002
    45.000     45.000    310.000 103578.000   1490.370   3522.610      0.002
    50.000     50.000    310.000 103578.000   1474.805   3523.865      0.000
    55.000     55.000    310.000 103578.000   1451.455   3526.435      0.002
    60.000     60.000    310.000 103578.000   1435.890   3527.690      0.001
    65.000     65.000    310.000 103578.000   1404.760   3530.060      0.000
    70.000     70.000    310.000 103578.000   1412.540   3529.475      0.000
    75.000     75.000    310.000 103578.000   1420.325   3528.970      0.002
    80.000     80.000    310.000 103578.000   1435.890   3527.690      0.002
    85.000     85.000    310.000 103578.000   1428.110   3528.340      0.001
    90.000     90.000    310.000 103578.000   1428.110   3528.340      0.002
    95.000     95.000    310.000 103578.000   1428.110   3528.340      0.001
   100.000    100.000    310.000 103578.000   1428.110   3528.340      0.001
   105.000    105.000    310.000 103578.000   1428.110   3528.340      0.002
   110.000    110.000    310.000 103578.000   1420.325   3528.970      0.000
   115.000    115.000    310.000 103578.000   1420.325   3528.970      0.001
   120.000    120.000    310.000 103578.000   1420.325   3528.970      0.002
   125.000    125.000    310.000 103578.000   1420.325   3528.970      0.002
   130.000    130.000    310.000 103578.000   1412.540   3529.475      0.002
   135.000    135.000    310.000 103578.000   1412.540   3529.475      0.000
   140.000    140.000    310.000 103578.000   1435.890   3527.690      0.002
   145.000    145.000    310.000 103578.000   1420.325   3528.970      0.001
   150.000    150.000    310.000 103578.000   1420.325   3528.970      0.002
   155.000    155.000    310.000 103578.000   1412.540   3529.475      0.000
   160.000    160.000    310.000 103578.000   1412.540   3529.475      0.002
   165.000    165.000    310.000 103578.000   1404.760   3530.060      0.000
   170.000    170.000    310.000 103578.000   1389.195   3531.475      0.001
   175.000    175.000    310.000 103578.000   1389.195   3531.475      0.003
   180.000    180.000    310.000 103578.000   1381.410   3532.160      0.002
   185.000    185.000    310.000 103578.000   1365.850   3533.525      0.001
   190.000    190.000    310.000 103578.000   1365.850   3533.525      0.001
     0.000      0.000    305.000 102149.000   1568.195   3506.965      0.002
     5.000      5.000    305.000 102149.000   1560.410   3507.870      0.002
    10.000     10.000    305.000 102149.000   1544.850   3509.300      0.001
    15.000     15.000    305.000 102149.000   1552.630   3508.680      0.002
    20.000     20.000    305.000 102149.000   1552.630   3508.680      0.001
    25.000     25.000    305.000 102149.000   1552.630   3508.680      0.002
    30.000     30.000    305.000 102149.000   1529.280   3509.260      0.000
    35.000     35.000    305.000 102149.000   1521.500   3512.800      0.000
    40.000     40.000    305.000 102149.000   1521.500   3512.800      0.004
    45.000     45.000    305.000 102149.000   1513.720   3516.245      0.000
    50.000     50.000    305.000 102149.000   1505.935   3516.905      0.002
    55.000     55.000    305.000 102149.000   1474.805   3519.490      0.000
    60.000     60.000    305.000 102149.000   1459.240   3520.955      0.000
    65.000     65.000    305.000 102149.000   1435.890   3522.920      0.001
    70.000     70.000    305.000 102149.000   1443.670   3522.290      0.002
    75.000     75.000    305.000 102149.000   1443.670   3522.290      0.000
    80.000     80.000    305.000 102149.000   1459.240   3520.955      0.002
    85.000     85.000    305.000 102149.000   1451.455   3521.725      0.000
    90.000     90.000    305.000 102149.000   1451.455   3521.725      0.001
    95.000     95.000    305.000 102149.000   1451.455   3521.725      0.001
   100.000    100.000    305.000 102149.000   1451.455   3521.725      0.001
   105.000    105.000    305.000 102149.000   1451.455   3521.725      0.002
   110.000    110.000    305.000 102149.000   1451.455   3521.725      0.002
   115.000    115.000    305.000 102149.000   1451.455   3521.725      0.003
   120.000    120.000    305.000 102149.000   1443.670   3522.290      0.001
   125.000    125.000    305.000 102149.000   1443.670   3522.290      0.002
   130.000    130.000    305.000 102149.000   1435.890   3522.920      0.001
   135.000    135.000    305.000 102149.000   1443.670   3522.290      0.002
   140.000    140.000    305.000 102149.000   1459.240   3520.955      0.002
   145.000    145.000    305.000 102149.000   1451.455   3521.725      0.003
   150.000    150.000    305.000 102149.000   1443.670   3522.290      0.001
   155.000    155.000    305.000 102149.000   1443.670   3522.290      0.002
   160.000    160.000    305.000 102149.000   1435.890   3522.920      0.001
   165.000    165.000    305.000 102149.000   1428.110   3523.540      0.001
   170.000    170.000    305.000 102149.000   1412.540   3524.845      0.001
   175.000    175.000    305.000 102149.000   1404.760   3525.505      0.000
   180.000    180.000    305.000 102149.000   1404.760   3525.505      0.002
   185.000    185.000    305.000 102149.000   1389.195   3526.895      0.000
   190.000    190.000    305.000 102149.000   1389.195   3526.895      0.002
