#x(km) y(km) depth(km) Pressure(bar) Temperature(oC) Density(kg/m3) Vs_diff(km/s)
     0.000      0.000    300.000 100007.000   1591.540   3496.985      0.002
     5.000      5.000    300.000 100007.000   1583.760   3497.675      0.001
    10.000     10.000    300.000 100007.000   1568.195   3499.235      0.001
    15.000     15.000    300.000 100007.000   1575.980   3498.505      0.002
    20.000     20.000    300.000 100007.000   1575.980   3498.505      0.001
    25.000     25.000    300.000 100007.000   1575.980   3498.505      0.002
    30.000     30.000    300.000 100007.000   1560.410   3499.745      0.002
    35.000     35.000    300.000 100007.000   1537.065   3501.580      0.002
    40.000     40.000    300.000 100007.000   1521.500   3502.625      0.000
    45.000     45.000    300.000 100007.000   1513.720   3503.330      0.000
    50.000     50.000    300.000 100007.000   1505.935   3504.045      0.002
    55.000     55.000    300.000 100007.000   1467.020   3507.445      0.001
    60.000     60.000    300.000 100007.000   1459.240   3508.175      0.003
    65.000     65.000    300.000 100007.000   1451.455   3510.930      0.008
    70.000     70.000    300.000 100007.000   1451.455   3510.930      0.005
    75.000     75.000    300.000 100007.000   1451.455   3510.930      0.004
    80.000     80.000    300.000 100007.000   1459.240   3508.175      0.005
    85.000     85.000    300.000 100007.000   1451.455   3510.930      0.001
    90.000     90.000    300.000 100007.000   1451.455   3510.930      0.001
    95.000     95.000    300.000 100007.000   1451.455   3510.930      0.001
   100.000    100.000    300.000 100007.000   1451.455   3510.930      0.001
   105.000    105.000    300.000 100007.000   1451.455   3510.930      0.002
   110.000    110.000    300.000 100007.000   1451.455   3510.930      0.002
   115.000    115.000    300.000 100007.000   1451.455   3510.930      0.003
   120.000    120.000    300.000 100007.000   1451.455   3510.930      0.004
   125.000    125.000    300.000 100007.000   1451.455   3510.930      0.004
   130.000    130.000    300.000 100007.000   1451.455   3510.930      0.007
   135.000    135.000    300.000 100007.000   1451.455   3510.930      0.006
   140.000    140.000    300.000 100007.000   1459.240   3508.175      0.005
   145.000    145.000    300.000 100007.000   1451.455   3510.930      0.004
   150.000    150.000    300.000 100007.000   1451.455   3510.930      0.005
   155.000    155.000    300.000 100007.000   1451.455   3510.930      0.006
   160.000    160.000    300.000 100007.000   1451.455   3510.930      0.008
   165.000    165.000    300.000 100007.000   1443.670   3514.565      0.002
   170.000    170.000    300.000 100007.000   1428.110   3516.770      0.000
   175.000    175.000    300.000 100007.000   1428.110   3516.770      0.002
   180.000    180.000    300.000 100007.000   1420.325   3517.395      0.002
   185.000    185.000    300.000 100007.000   1404.760   3518.815      0.000
   190.000    190.000    300.000 100007.000   1404.760   3518.815      0.001
     0.000      0.000    295.000  98578.100   1622.670   3488.430      0.001
     5.000      5.000    295.000  98578.100   1614.890   3489.120      0.000
    10.000     10.000    295.000  98578.100   1607.110   3489.820      0.002
    15.000     15.000    295.000  98578.100   1607.110   3489.820      0.001
    20.000     20.000    295.000  98578.100   1607.110   3489.820      0.001
    25.000     25.000    295.000  98578.100   1607.110   3489.820      0.002
    30.000     30.000    295.000  98578.100   1591.540   3492.225      0.002
    35.000     35.000    295.000  98578.100   1568.195   3494.225      0.002
    40.000     40.000    295.000  98578.100   1560.410   3494.890      0.002
    45.000     45.000    295.000  98578.100   1544.850   3496.715      0.001
    50.000     50.000    295.000  98578.100   1529.280   3497.445      0.002
    55.000     55.000    295.000  98578.100   1498.150   3499.390      0.003
    60.000     60.000    295.000  98578.100   1474.805   3501.710      0.001
    65.000     65.000    295.000  98578.100   1451.455   3504.105      0.002
    70.000     70.000    295.000  98578.100   1451.455   3504.105      0.001
    75.000     75.000    295.000  98578.100   1459.240   3503.090      0.002
    80.000     80.000    295.000  98578.100   1467.020   3502.435      0.000
    85.000     85.000    295.000  98578.100   1467.020   3502.435      0.001
    90.000     90.000    295.000  98578.100   1467.020   3502.435      0.002
    95.000     95.000    295.000  98578.100   1467.020   3502.435      0.001
   100.000    100.000    295.000  98578.100   1467.020   3502.435      0.001
   105.000    105.000    295.000  98578.100   1467.020   3502.435      0.002
   110.000    110.000    295.000  98578.100   1459.240   3503.090      0.000
   115.000    115.000    295.000  98578.100   1459.240   3503.090      0.001
   120.000    120.000    295.000  98578.100   1459.240   3503.090      0.002
   125.000    125.000    295.000  98578.100   1459.240   3503.090      0.003
   130.000    130.000    295.000  98578.100   1451.455   3504.105      0.002
   135.000    135.000    295.000  98578.100   1451.455   3504.105      0.001
   140.000    140.000    295.000  98578.100   1467.020   3502.435      0.001
   145.000    145.000    295.000  98578.100   1459.240   3503.090      0.002
   150.000    150.000    295.000  98578.100   1451.455   3504.105      0.001
   155.000    155.000    295.000  98578.100   1451.455   3504.105      0.002
   160.000    160.000    295.000  98578.100   1443.670   3504.965      0.001
   165.000    165.000    295.000  98578.100   1435.890   3505.395      0.001
   170.000    170.000    295.000  98578.100   1420.325   3506.615      0.001
   175.000    175.000    295.000  98578.100   1412.540   3507.635      0.000
   180.000    180.000    295.000  98578.100   1404.760   3508.315      0.000
   185.000    185.000    295.000  98578.100   1404.760   3508.315      0.004
   190.000    190.000    295.000  98578.100   1396.980   3509.960      0.000
     0.000      0.000    290.000  96435.300   1646.020   3478.710      0.000
     5.000      5.000    290.000  96435.300   1646.020   3478.710      0.001
    10.000     10.000    290.000  96435.300   1622.670   3480.785      0.000
    15.000     15.000    290.000  96435.300   1630.455   3480.080      0.001
    20.000     20.000    290.000  96435.300   1630.455   3480.080      0.000
    25.000     25.000    290.000  96435.300   1630.455   3480.080      0.002
    30.000     30.000    290.000  96435.300   1614.890   3481.500      0.002
    35.000     35.000    290.000  96435.300   1583.760   3484.445      0.000
    40.000     40.000    290.000  96435.300   1575.980   3485.625      0.000
    45.000     45.000    290.000  96435.300   1568.195   3486.625      0.001
    50.000     50.000    290.000  96435.300   1552.630   3488.345      0.002
    55.000     55.000    290.000  96435.300   1505.935   3491.185      0.000
    60.000     60.000    290.000  96435.300   1490.370   3492.640      0.000
    65.000     65.000    290.000  96435.300   1459.240   3495.805      0.001
    70.000     70.000    290.000  96435.300   1467.020   3495.230      0.001
    75.000     75.000    290.000  96435.300   1474.805   3494.560      0.002
    80.000     80.000    290.000  96435.300   1490.370   3492.640      0.003
    85.000     85.000    290.000  96435.300   1482.590   3493.570      0.001
    90.000     90.000    290.000  96435.300   1482.590   3493.570      0.001
    95.000     95.000    290.000  96435.300   1482.590   3493.570      0.000
   100.000    100.000    290.000  96435.300   1482.590   3493.570      0.000
   105.000    105.000    290.000  96435.300   1482.590   3493.570      0.002
   110.000    110.000    290.000  96435.300   1482.590   3493.570      0.002
   115.000    115.000    290.000  96435.300   1474.805   3494.560      0.000
   120.000    120.000    290.000  96435.300   1474.805   3494.560      0.002
   125.000    125.000    290.000  96435.300   1474.805   3494.560      0.002
   130.000    130.000    290.000  96435.300   1467.020   3495.230      0.002
   135.000    135.000    290.000  96435.300   1467.020   3495.230      0.002
   140.000    140.000    290.000  96435.300   1490.370   3492.640      0.003
   145.000    145.000    290.000  96435.300   1467.020   3495.230      0.000
   150.000    150.000    290.000  96435.300   1467.020   3495.230      0.002
   155.000    155.000    290.000  96435.300   1459.240   3495.805      0.000
   160.000    160.000    290.000  96435.300   1459.240   3495.805      0.002
   165.000    165.000    290.000  96435.300   1451.455   3496.630      0.001
   170.000    170.000    290.000  96435.300   1435.890   3498.030      0.001
   175.000    175.000    290.000  96435.300   1428.110   3498.230      0.001
   180.000    180.000    290.000  96435.300   1420.325   3499.230      0.001
   185.000    185.000    290.000  96435.300   1412.540   3500.155      0.002
   190.000    190.000    290.000  96435.300   1412.540   3500.155      0.002
     0.000      0.000    285.000  95006.800   1677.150   3470.725      0.002
     5.000      5.000    285.000  95006.800   1669.370   3471.440      0.001
    10.000     10.000    285.000  95006.800   1653.800   3472.865      0.002
    15.000     15.000    285.000  95006.800   1653.800   3472.865      0.001
    20.000     20.000    285.000  95006.800   1653.800   3472.865      0.000
    25.000     25.000    285.000  95006.800   1653.800   3472.865      0.002
    30.000     30.000    285.000  95006.800   1638.240   3474.275      0.002
    35.000     35.000    285.000  95006.800   1614.890   3476.400      0.002
    40.000     40.000    285.000  95006.800   1599.325   3477.855      0.001
    45.000     45.000    285.000  95006.800   1591.540   3478.580      0.002
    50.000     50.000    285.000  95006.800   1568.195   3482.390      0.000
    55.000     55.000    285.000  95006.800   1537.065   3484.940      0.002
    60.000     60.000    285.000  95006.800   1513.720   3485.705      0.001
    65.000     65.000    285.000  95006.800   1482.590   3488.800      0.001
    70.000     70.000    285.000  95006.800   1490.370   3487.530      0.002
    75.000     75.000    285.000  95006.800   1490.370   3487.530      0.000
    80.000     80.000    285.000  95006.800   1505.935   3486.315      0.001
    85.000     85.000    285.000  95006.800   1505.935   3486.315      0.001
    90.000     90.000    285.000  95006.800   1505.935   3486.315      0.001
    95.000     95.000    285.000  95006.800   1505.935   3486.315      0.001
   100.000    100.000    285.000  95006.800   1505.935   3486.315      0.001
   105.000    105.000    285.000  95006.800   1505.935   3486.315      0.002
   110.000    110.000    285.000  95006.800   1498.150   3486.925      0.000
   115.000    115.000    285.000  95006.800   1498.150   3486.925      0.001
   120.000    120.000    285.000  95006.800   1498.150   3486.925      0.002
   125.000    125.000    285.000  95006.800   1490.370   3487.530      0.000
   130.000    130.000    285.000  95006.800   1482.590   3488.800      0.000
   135.000    135.000    285.000  95006.800   1490.370   3487.530      0.002
   140.000    140.000    285.000  95006.800   1505.935   3486.315      0.002
   145.000    145.000    285.000  95006.800   1490.370   3487.530      0.001
   150.000    150.000    285.000  95006.800   1482.590   3488.800      0.000
   155.000    155.000    285.000  95006.800   1482.590   3488.800      0.002
   160.000    160.000    285.000  95006.800   1474.805   3490.125      0.000
   165.000    165.000    285.000  95006.800   1474.805   3490.125      0.002
   170.000    170.000    285.000  95006.800   1459.240   3491.500      0.002
   175.000    175.000    285.000  95006.800   1451.455   3492.345      0.001
   180.000    180.000    285.000  95006.800   1443.670   3492.600      0.001
   185.000    185.000    285.000  95006.800   1428.110   3494.255      0.000
   190.000    190.000    285.000  95006.800   1428.110   3494.255      0.001
     0.000      0.000    280.000  92864.000   1692.720   3461.765      0.002
     5.000      5.000    280.000  92864.000   1684.935   3462.550      0.001
    10.000     10.000    280.000  92864.000   1669.370   3464.080      0.002
    15.000     15.000    280.000  92864.000   1669.370   3464.080      0.001
    20.000     20.000    280.000  92864.000   1677.150   3463.365      0.003
    25.000     25.000    280.000  92864.000   1669.370   3464.080      0.001
    30.000     30.000    280.000  92864.000   1653.800   3465.605      0.002
    35.000     35.000    280.000  92864.000   1630.455   3467.780      0.003
    40.000     40.000    280.000  92864.000   1614.890   3469.225      0.000
    45.000     45.000    280.000  92864.000   1607.110   3469.950      0.001
    50.000     50.000    280.000  92864.000   1591.540   3471.415      0.003
    55.000     55.000    280.000  92864.000   1544.850   3476.840      0.001
    60.000     60.000    280.000  92864.000   1529.280   3477.565      0.001
    65.000     65.000    280.000  92864.000   1498.150   3480.065      0.002
    70.000     70.000    280.000  92864.000   1505.935   3479.460      0.001
    75.000     75.000    280.000  92864.000   1505.935   3479.460      0.000
    80.000     80.000    280.000  92864.000   1521.500   3478.135      0.000
    85.000     85.000    280.000  92864.000   1521.500   3478.135      0.001
    90.000     90.000    280.000  92864.000   1521.500   3478.135      0.001
    95.000     95.000    280.000  92864.000   1521.500   3478.135      0.001
   100.000    100.000    280.000  92864.000   1521.500   3478.135      0.001
   105.000    105.000    280.000  92864.000   1521.500   3478.135      0.002
   110.000    110.000    280.000  92864.000   1513.720   3478.720      0.000
   115.000    115.000    280.000  92864.000   1513.720   3478.720      0.001
   120.000    120.000    280.000  92864.000   1513.720   3478.720      0.002
   125.000    125.000    280.000  92864.000   1513.720   3478.720      0.002
   130.000    130.000    280.000  92864.000   1498.150   3480.065      0.001
   135.000    135.000    280.000  92864.000   1498.150   3480.065      0.000
   140.000    140.000    280.000  92864.000   1521.500   3478.135      0.001
   145.000    145.000    280.000  92864.000   1505.935   3479.460      0.001
   150.000    150.000    280.000  92864.000   1498.150   3480.065      0.001
   155.000    155.000    280.000  92864.000   1498.150   3480.065      0.002
   160.000    160.000    280.000  92864.000   1490.370   3480.670      0.001
   165.000    165.000    280.000  92864.000   1490.370   3480.670      0.003
   170.000    170.000    280.000  92864.000   1467.020   3483.555      0.001
   175.000    175.000    280.000  92864.000   1467.020   3483.555      0.002
   180.000    180.000    280.000  92864.000   1459.240   3484.430      0.002
   185.000    185.000    280.000  92864.000   1443.670   3485.895      0.001
   190.000    190.000    280.000  92864.000   1443.670   3485.895      0.001
     0.000      0.000    275.000  91435.500   1716.065   3454.450      0.001
     5.000      5.000    275.000  91435.500   1716.065   3454.450      0.003
    10.000     10.000    275.000  91435.500   1692.720   3456.755      0.001
    15.000     15.000    275.000  91435.500   1692.720   3456.755      0.000
    20.000     20.000    275.000  91435.500   1700.500   3455.980      0.002
    25.000     25.000    275.000  91435.500   1692.720   3456.755      0.001
    30.000     30.000    275.000  91435.500   1677.150   3458.305      0.001
    35.000     35.000    275.000  91435.500   1653.800   3460.775      0.001
    40.000     40.000    275.000  91435.500   1646.020   3461.530      0.002
    45.000     45.000    275.000  91435.500   1630.455   3462.975      0.000
    50.000     50.000    275.000  91435.500   1607.110   3465.165      0.000
    55.000     55.000    275.000  91435.500   1575.980   3468.605      0.003
    60.000     60.000    275.000  91435.500   1552.630   3470.425      0.002
    65.000     65.000    275.000  91435.500   1521.500   3473.285      0.001
    70.000     70.000    275.000  91435.500   1529.280   3472.575      0.002
    75.000     75.000    275.000  91435.500   1529.280   3472.575      0.001
    80.000     80.000    275.000  91435.500   1544.850   3471.180      0.002
    85.000     85.000    275.000  91435.500   1544.850   3471.180      0.001
    90.000     90.000    275.000  91435.500   1544.850   3471.180      0.002
    95.000     95.000    275.000  91435.500   1544.850   3471.180      0.002
   100.000    100.000    275.000  91435.500   1544.850   3471.180      0.002
   105.000    105.000    275.000  91435.500   1537.065   3471.990      0.000
   110.000    110.000    275.000  91435.500   1537.065   3471.990      0.001
   115.000    115.000    275.000  91435.500   1537.065   3471.990      0.002
   120.000    120.000    275.000  91435.500   1529.280   3472.575      0.000
   125.000    125.000    275.000  91435.500   1529.280   3472.575      0.001
   130.000    130.000    275.000  91435.500   1521.500   3473.285      0.001
   135.000    135.000    275.000  91435.500   1521.500   3473.285      0.000
   140.000    140.000    275.000  91435.500   1537.065   3471.990      0.001
   145.000    145.000    275.000  91435.500   1529.280   3472.575      0.002
   150.000    150.000    275.000  91435.500   1521.500   3473.285      0.001
   155.000    155.000    275.000  91435.500   1513.720   3473.970      0.001
   160.000    160.000    275.000  91435.500   1513.720   3473.970      0.002
   165.000    165.000    275.000  91435.500   1505.935   3474.675      0.002
   170.000    170.000    275.000  91435.500   1490.370   3476.160      0.001
   175.000    175.000    275.000  91435.500   1482.590   3477.135      0.001
   180.000    180.000    275.000  91435.500   1474.805   3478.070      0.001
   185.000    185.000    275.000  91435.500   1467.020   3478.790      0.002
   190.000    190.000    275.000  91435.500   1459.240   3479.650      0.000
     0.000      0.000    270.000  89292.700   1739.410   3445.520      0.002
     5.000      5.000    270.000  89292.700   1731.630   3446.080      0.000
    10.000     10.000    270.000  89292.700   1716.065   3447.410      0.003
    15.000     15.000    270.000  89292.700   1716.065   3447.410      0.002
    20.000     20.000    270.000  89292.700   1716.065   3447.410      0.001
    25.000     25.000    270.000  89292.700   1716.065   3447.410      0.002
    30.000     30.000    270.000  89292.700   1700.500   3448.945      0.002
    35.000     35.000    270.000  89292.700   1669.370   3452.055      0.001
    40.000     40.000    270.000  89292.700   1661.585   3452.910      0.001
    45.000     45.000    270.000  89292.700   1653.800   3453.735      0.002
    50.000     50.000    270.000  89292.700   1630.455   3455.955      0.001
    55.000     55.000    270.000  89292.700   1583.760   3460.415      0.001
    60.000     60.000    270.000  89292.700   1568.195   3462.230      0.002
    65.000     65.000    270.000  89292.700   1529.280   3465.775      0.001
    70.000     70.000    270.000  89292.700   1537.065   3465.055      0.001
    75.000     75.000    270.000  89292.700   1544.850   3464.320      0.002
    80.000     80.000    270.000  89292.700   1552.630   3463.780      0.000
    85.000     85.000    270.000  89292.700   1560.410   3463.220      0.002
    90.000     90.000    270.000  89292.700   1552.630   3463.780      0.000
    95.000     95.000    270.000  89292.700   1560.410   3463.220      0.002
   100.000    100.000    270.000  89292.700   1552.630   3463.780      0.000
   105.000    105.000    270.000  89292.700   1552.630   3463.780      0.001
   110.000    110.000    270.000  89292.700   1552.630   3463.780      0.002
   115.000    115.000    270.000  89292.700   1544.850   3464.320      0.000
   120.000    120.000    270.000  89292.700   1544.850   3464.320      0.002
   125.000    125.000    270.000  89292.700   1544.850   3464.320      0.002
