#x(km) y(km) depth(km) Pressure(bar) Temperature(oC) Density(kg/m3) Vs_diff(km/s)
     0.000      0.000    200.000  65007.900   1739.410   3368.260      0.001
     5.000      5.000    200.000  65007.900   1731.630   3369.150      0.003
    10.000     10.000    200.000  65007.900   1716.065   3370.920      0.003
    15.000     15.000    200.000  65007.900   1723.850   3370.040      0.003
    20.000     20.000    200.000  65007.900   1716.065   3370.920      0.001
    25.000     25.000    200.000  65007.900   1723.850   3370.040      0.000
    30.000     30.000    200.000  65007.900   1716.065   3370.920      0.000
    35.000     35.000    200.000  65007.900   1700.500   3372.650      0.002
    40.000     40.000    200.000  65007.900   1684.935   3374.365      0.001
    45.000     45.000    200.000  65007.900   1677.150   3375.210      0.001
    50.000     50.000    200.000  65007.900   1646.020   3378.690      0.001
    55.000     55.000    200.000  65007.900   1638.240   3379.585      0.003
    60.000     60.000    200.000  65007.900   1653.800   3377.815      0.000
    65.000     65.000    200.000  65007.900   1677.150   3375.210      0.002
    70.000     70.000    200.000  65007.900   1684.935   3374.365      0.001
    75.000     75.000    200.000  65007.900   1684.935   3374.365      0.003
    80.000     80.000    200.000  65007.900   1669.370   3376.065      0.000
    85.000     85.000    200.000  65007.900   1700.500   3372.650      0.002
    90.000     90.000    200.000  65007.900   1692.720   3373.510      0.001
    95.000     95.000    200.000  65007.900   1684.935   3374.365      0.002
   100.000    100.000    200.000  65007.900   1677.150   3375.210      0.002
   105.000    105.000    200.000  65007.900   1677.150   3375.210      0.002
   110.000    110.000    200.000  65007.900   1661.585   3376.945      0.000
   115.000    115.000    200.000  65007.900   1669.370   3376.065      0.002
   120.000    120.000    200.000  65007.900   1669.370   3376.065      0.003
   125.000    125.000    200.000  65007.900   1669.370   3376.065      0.001
   130.000    130.000    200.000  65007.900   1677.150   3375.210      0.002
   135.000    135.000    200.000  65007.900   1684.935   3374.365      0.002
   140.000    140.000    200.000  65007.900   1708.280   3371.790      0.001
   145.000    145.000    200.000  65007.900   1684.935   3374.365      0.001
   150.000    150.000    200.000  65007.900   1677.150   3375.210      0.000
   155.000    155.000    200.000  65007.900   1677.150   3375.210      0.001
   160.000    160.000    200.000  65007.900   1684.935   3374.365      0.002
   165.000    165.000    200.000  65007.900   1677.150   3375.210      0.000
   170.000    170.000    200.000  65007.900   1669.370   3376.065      0.002
   175.000    175.000    200.000  65007.900   1669.370   3376.065      0.002
   180.000    180.000    200.000  65007.900   1653.800   3377.815      0.000
   185.000    185.000    200.000  65007.900   1638.240   3379.585      0.001
   190.000    190.000    200.000  65007.900   1638.240   3379.585      0.002
     0.000      0.000    195.000  63579.400   1871.715   3348.830      0.002
     5.000      5.000    195.000  63579.400   1856.150   3350.510      0.000
    10.000     10.000    195.000  63579.400   1840.585   3352.265      0.003
    15.000     15.000    195.000  63579.400   1840.585   3352.265      0.003
    20.000     20.000    195.000  63579.400   1832.800   3353.250      0.000
    25.000     25.000    195.000  63579.400   1832.800   3353.250      0.000
    30.000     30.000    195.000  63579.400   1817.240   3354.985      0.001
    35.000     35.000    195.000  63579.400   1793.890   3357.655      0.002
    40.000     40.000    195.000  63579.400   1778.325   3359.445      0.002
    45.000     45.000    195.000  63579.400   1762.760   3361.125      0.003
    50.000     50.000    195.000  63579.400   1723.850   3365.530      0.000
    55.000     55.000    195.000  63579.400   1692.720   3369.035      0.001
    60.000     60.000    195.000  63579.400   1692.720   3369.035      0.001
    65.000     65.000    195.000  63579.400   1700.500   3368.150      0.001
    70.000     70.000    195.000  63579.400   1708.280   3367.285      0.001
    75.000     75.000    195.000  63579.400   1708.280   3367.285      0.002
    80.000     80.000    195.000  63579.400   1700.500   3368.150      0.001
    85.000     85.000    195.000  63579.400   1723.850   3365.530      0.002
    90.000     90.000    195.000  63579.400   1723.850   3365.530      0.003
    95.000     95.000    195.000  63579.400   1716.065   3366.415      0.003
   100.000    100.000    195.000  63579.400   1700.500   3368.150      0.000
   105.000    105.000    195.000  63579.400   1700.500   3368.150      0.002
   110.000    110.000    195.000  63579.400   1692.720   3369.035      0.002
   115.000    115.000    195.000  63579.400   1692.720   3369.035      0.002
   120.000    120.000    195.000  63579.400   1692.720   3369.035      0.003
   125.000    125.000    195.000  63579.400   1692.720   3369.035      0.002
   130.000    130.000    195.000  63579.400   1692.720   3369.035      0.002
   135.000    135.000    195.000  63579.400   1700.500   3368.150      0.002
   140.000    140.000    195.000  63579.400   1716.065   3366.415      0.000
   145.000    145.000    195.000  63579.400   1700.500   3368.150      0.001
   150.000    150.000    195.000  63579.400   1692.720   3369.035      0.001
   155.000    155.000    195.000  63579.400   1692.720   3369.035      0.002
   160.000    160.000    195.000  63579.400   1692.720   3369.035      0.000
   165.000    165.000    195.000  63579.400   1692.720   3369.035      0.001
   170.000    170.000    195.000  63579.400   1684.935   3369.905      0.002
   175.000    175.000    195.000  63579.400   1677.150   3370.745      0.000
   180.000    180.000    195.000  63579.400   1669.370   3371.605      0.001
   185.000    185.000    195.000  63579.400   1653.800   3373.320      0.000
   190.000    190.000    195.000  63579.400   1653.800   3373.320      0.002
     0.000      0.000    190.000  62150.800   2035.150   3325.250      0.002
     5.000      5.000    190.000  62150.800   2027.370   3326.185      0.001
    10.000     10.000    190.000  62150.800   1996.240   3329.685      0.003
    15.000     15.000    190.000  62150.800   1988.455   3330.735      0.001
    20.000     20.000    190.000  62150.800   1980.670   3331.750      0.001
    25.000     25.000    190.000  62150.800   1980.670   3331.750      0.003
    30.000     30.000    190.000  62150.800   1949.540   3335.225      0.003
    35.000     35.000    190.000  62150.800   1910.630   3339.680      0.002
    40.000     40.000    190.000  62150.800   1887.280   3342.180      0.002
    45.000     45.000    190.000  62150.800   1863.930   3344.945      0.001
    50.000     50.000    190.000  62150.800   1825.020   3349.465      0.000
    55.000     55.000    190.000  62150.800   1762.760   3356.600      0.002
    60.000     60.000    190.000  62150.800   1739.410   3359.245      0.000
    65.000     65.000    190.000  62150.800   1731.630   3360.130      0.002
    70.000     70.000    190.000  62150.800   1739.410   3359.245      0.001
    75.000     75.000    190.000  62150.800   1731.630   3360.130      0.000
    80.000     80.000    190.000  62150.800   1723.850   3361.010      0.000
    85.000     85.000    190.000  62150.800   1754.980   3357.480      0.002
    90.000     90.000    190.000  62150.800   1747.195   3358.360      0.000
    95.000     95.000    190.000  62150.800   1739.410   3359.245      0.001
   100.000    100.000    190.000  62150.800   1731.630   3360.130      0.001
   105.000    105.000    190.000  62150.800   1723.850   3361.010      0.001
   110.000    110.000    190.000  62150.800   1723.850   3361.010      0.003
   115.000    115.000    190.000  62150.800   1716.065   3361.890      0.000
   120.000    120.000    190.000  62150.800   1716.065   3361.890      0.000
   125.000    125.000    190.000  62150.800   1723.850   3361.010      0.003
   130.000    130.000    190.000  62150.800   1708.280   3362.775      0.000
   135.000    135.000    190.000  62150.800   1716.065   3361.890      0.002
   140.000    140.000    190.000  62150.800   1739.410   3359.245      0.001
   145.000    145.000    190.000  62150.800   1716.065   3361.890      0.002
   150.000    150.000    190.000  62150.800   1708.280   3362.775      0.002
   155.000    155.000    190.000  62150.800   1708.280   3362.775      0.002
   160.000    160.000    190.000  62150.800   1716.065   3361.890      0.002
   165.000    165.000    190.000  62150.800   1716.065   3361.890      0.002
   170.000    170.000    190.000  62150.800   1700.500   3363.665      0.003
   175.000    175.000    190.000  62150.800   1700.500   3363.665      0.003
   180.000    180.000    190.000  62150.800   1684.935   3365.430      0.000
   185.000    185.000    190.000  62150.800   1669.370   3367.110      0.000
   190.000    190.000    190.000  62150.800   1669.370   3367.110      0.001
     0.000      0.000    185.000  60722.300   2074.060   3315.330      0.001
     5.000      5.000    185.000  60722.300   2058.500   3317.320      0.001
    10.000     10.000    185.000  60722.300   2035.150   3320.275      0.003
    15.000     15.000    185.000  60722.300   2019.585   3321.965      0.000
    20.000     20.000    185.000  60722.300   2011.800   3322.850      0.001
    25.000     25.000    185.000  60722.300   2004.020   3323.880      0.002
    30.000     30.000    185.000  60722.300   1972.890   3327.745      0.000
    35.000     35.000    185.000  60722.300   1933.980   3332.185      0.000
    40.000     40.000    185.000  60722.300   1910.630   3334.905      0.001
    45.000     45.000    185.000  60722.300   1887.280   3337.615      0.002
    50.000     50.000    185.000  60722.300   1840.585   3342.840      0.002
    55.000     55.000    185.000  60722.300   1786.110   3349.290      0.003
    60.000     60.000    185.000  60722.300   1762.760   3352.010      0.003
    65.000     65.000    185.000  60722.300   1747.195   3353.810      0.000
    70.000     70.000    185.000  60722.300   1754.980   3352.895      0.001
    75.000     75.000    185.000  60722.300   1747.195   3353.810      0.001
    80.000     80.000    185.000  60722.300   1747.195   3353.810      0.002
    85.000     85.000    185.000  60722.300   1770.540   3351.140      0.002
    90.000     90.000    185.000  60722.300   1762.760   3352.010      0.000
    95.000     95.000    185.000  60722.300   1754.980   3352.895      0.001
   100.000    100.000    185.000  60722.300   1747.195   3353.810      0.001
   105.000    105.000    185.000  60722.300   1739.410   3354.710      0.001
   110.000    110.000    185.000  60722.300   1731.630   3355.580      0.001
   115.000    115.000    185.000  60722.300   1731.630   3355.580      0.002
   120.000    120.000    185.000  60722.300   1731.630   3355.580      0.002
   125.000    125.000    185.000  60722.300   1731.630   3355.580      0.002
   130.000    130.000    185.000  60722.300   1723.850   3356.465      0.002
   135.000    135.000    185.000  60722.300   1723.850   3356.465      0.000
   140.000    140.000    185.000  60722.300   1747.195   3353.810      0.002
   145.000    145.000    185.000  60722.300   1723.850   3356.465      0.000
   150.000    150.000    185.000  60722.300   1716.065   3357.360      0.001
   155.000    155.000    185.000  60722.300   1716.065   3357.360      0.001
   160.000    160.000    185.000  60722.300   1723.850   3356.465      0.002
   165.000    165.000    185.000  60722.300   1723.850   3356.465      0.001
   170.000    170.000    185.000  60722.300   1716.065   3357.360      0.002
   175.000    175.000    185.000  60722.300   1708.280   3358.240      0.000
   180.000    180.000    185.000  60722.300   1700.500   3359.130      0.000
   185.000    185.000    185.000  60722.300   1692.720   3360.025      0.002
   190.000    190.000    185.000  60722.300   1684.935   3360.915      0.001
     0.000      0.000    180.000  59293.800   2050.715   3313.140      0.001
     5.000      5.000    180.000  59293.800   2042.930   3314.345      0.002
    10.000     10.000    180.000  59293.800   2011.800   3318.085      0.003
    15.000     15.000    180.000  59293.800   2004.020   3318.860      0.002
    20.000     20.000    180.000  59293.800   1988.455   3320.790      0.000
    25.000     25.000    180.000  59293.800   1988.455   3320.790      0.003
    30.000     30.000    180.000  59293.800   1949.540   3325.520      0.000
    35.000     35.000    180.000  59293.800   1910.630   3330.080      0.000
    40.000     40.000    180.000  59293.800   1887.280   3332.820      0.000
    45.000     45.000    180.000  59293.800   1863.930   3335.450      0.001
    50.000     50.000    180.000  59293.800   1825.020   3340.125      0.002
    55.000     55.000    180.000  59293.800   1762.760   3347.375      0.002
    60.000     60.000    180.000  59293.800   1747.195   3349.200      0.001
    65.000     65.000    180.000  59293.800   1747.195   3349.200      0.002
    70.000     70.000    180.000  59293.800   1754.980   3348.285      0.001
    75.000     75.000    180.000  59293.800   1747.195   3349.200      0.001
    80.000     80.000    180.000  59293.800   1731.630   3350.995      0.000
    85.000     85.000    180.000  59293.800   1770.540   3346.465      0.002
    90.000     90.000    180.000  59293.800   1762.760   3347.375      0.001
    95.000     95.000    180.000  59293.800   1754.980   3348.285      0.003
   100.000    100.000    180.000  59293.800   1739.410   3350.095      0.000
   105.000    105.000    180.000  59293.800   1731.630   3350.995      0.000
   110.000    110.000    180.000  59293.800   1731.630   3350.995      0.003
   115.000    115.000    180.000  59293.800   1723.850   3351.920      0.000
   120.000    120.000    180.000  59293.800   1723.850   3351.920      0.000
   125.000    125.000    180.000  59293.800   1723.850   3351.920      0.000
   130.000    130.000    180.000  59293.800   1723.850   3351.920      0.003
   135.000    135.000    180.000  59293.800   1723.850   3351.920      0.002
   140.000    140.000    180.000  59293.800   1747.195   3349.200      0.001
   145.000    145.000    180.000  59293.800   1723.850   3351.920      0.001
   150.000    150.000    180.000  59293.800   1716.065   3352.820      0.001
   155.000    155.000    180.000  59293.800   1716.065   3352.820      0.001
   160.000    160.000    180.000  59293.800   1723.850   3351.920      0.001
   165.000    165.000    180.000  59293.800   1731.630   3350.995      0.002
   170.000    170.000    180.000  59293.800   1716.065   3352.820      0.002
   175.000    175.000    180.000  59293.800   1716.065   3352.820      0.000
   180.000    180.000    180.000  59293.800   1708.280   3353.710      0.001
   185.000    185.000    180.000  59293.800   1692.720   3355.480      0.000
   190.000    190.000    180.000  59293.800   1692.720   3355.480      0.000
     0.000      0.000    175.000  57865.300   2035.150   3310.030      0.002
     5.000      5.000    175.000  57865.300   2011.800   3312.070      0.001
    10.000     10.000    175.000  57865.300   1988.455   3315.810      0.001
    15.000     15.000    175.000  57865.300   1980.670   3316.900      0.001
    20.000     20.000    175.000  57865.300   1972.890   3317.825      0.002
    25.000     25.000    175.000  57865.300   1965.110   3318.755      0.003
    30.000     30.000    175.000  57865.300   1926.195   3323.395      0.001
    35.000     35.000    175.000  57865.300   1887.280   3327.680      0.001
    40.000     40.000    175.000  57865.300   1863.930   3330.575      0.002
    45.000     45.000    175.000  57865.300   1832.800   3334.350      0.000
    50.000     50.000    175.000  57865.300   1793.890   3338.905      0.003
    55.000     55.000    175.000  57865.300   1739.410   3345.500      0.001
    60.000     60.000    175.000  57865.300   1723.850   3347.355      0.000
    65.000     65.000    175.000  57865.300   1731.630   3346.425      0.002
    70.000     70.000    175.000  57865.300   1739.410   3345.500      0.002
    75.000     75.000    175.000  57865.300   1731.630   3346.425      0.002
    80.000     80.000    175.000  57865.300   1723.850   3347.355      0.003
    85.000     85.000    175.000  57865.300   1747.195   3344.575      0.001
    90.000     90.000    175.000  57865.300   1747.195   3344.575      0.002
    95.000     95.000    175.000  57865.300   1731.630   3346.425      0.001
   100.000    100.000    175.000  57865.300   1723.850   3347.355      0.002
   105.000    105.000    175.000  57865.300   1716.065   3348.260      0.003
   110.000    110.000    175.000  57865.300   1708.280   3349.140      0.002
   115.000    115.000    175.000  57865.300   1708.280   3349.140      0.003
   120.000    120.000    175.000  57865.300   1708.280   3349.140      0.003
   125.000    125.000    175.000  57865.300   1708.280   3349.140      0.003
   130.000    130.000    175.000  57865.300   1700.500   3350.025      0.002
   135.000    135.000    175.000  57865.300   1700.500   3350.025      0.001
   140.000    140.000    175.000  57865.300   1723.850   3347.355      0.002
   145.000    145.000    175.000  57865.300   1700.500   3350.025      0.000
   150.000    150.000    175.000  57865.300   1692.720   3350.910      0.001
   155.000    155.000    175.000  57865.300   1692.720   3350.910      0.000
   160.000    160.000    175.000  57865.300   1708.280   3349.140      0.002
   165.000    165.000    175.000  57865.300   1708.280   3349.140      0.001
   170.000    170.000    175.000  57865.300   1700.500   3350.025      0.002
   175.000    175.000    175.000  57865.300   1700.500   3350.025      0.001
   180.000    180.000    175.000  57865.300   1692.720   3350.910      0.001
   185.000    185.000    175.000  57865.300   1677.150   3352.690      0.000
   190.000    190.000    175.000  57865.300   1677.150   3352.690      0.001
     0.000      0.000    170.000  55722.500   2011.800   3305.315      0.002
     5.000      5.000    170.000  55722.500   1996.240   3307.005      0.003
    10.000     10.000    170.000  55722.500   1965.110   3311.190      0.002
    15.000     15.000    170.000  55722.500   1957.325   3312.150      0.002
    20.000     20.000    170.000  55722.500   1941.760   3314.040      0.000
    25.000     25.000    170.000  55722.500   1933.980   3314.970      0.002
    30.000     30.000    170.000  55722.500   1895.065   3319.720      0.000
    35.000     35.000    170.000  55722.500   1856.150   3324.380      0.002
    40.000     40.000    170.000  55722.500   1832.800   3327.285      0.003
    45.000     45.000    170.000  55722.500   1801.670   3330.945      0.001
    50.000     50.000    170.000  55722.500   1754.980   3336.600      0.001
    55.000     55.000    170.000  55722.500   1700.500   3343.100      0.003
    60.000     60.000    170.000  55722.500   1692.720   3343.985      0.002
    65.000     65.000    170.000  55722.500   1700.500   3343.100      0.003
    70.000     70.000    170.000  55722.500   1708.280   3342.215      0.002
    75.000     75.000    170.000  55722.500   1692.720   3343.985      0.001
    80.000     80.000    170.000  55722.500   1677.150   3345.850      0.001
    85.000     85.000    170.000  55722.500   1716.065   3341.280      0.000
    90.000     90.000    170.000  55722.500   1708.280   3342.215      0.001
    95.000     95.000    170.000  55722.500   1692.720   3343.985      0.001
   100.000    100.000    170.000  55722.500   1684.935   3344.915      0.002
   105.000    105.000    170.000  55722.500   1669.370   3346.755      0.000
   110.000    110.000    170.000  55722.500   1669.370   3346.755      0.003
   115.000    115.000    170.000  55722.500   1661.585   3347.655      0.001
   120.000    120.000    170.000  55722.500   1661.585   3347.655      0.001
   125.000    125.000    170.000  55722.500   1661.585   3347.655      0.001
