#x(km) y(km) depth(km) Pressure(bar) Temperature(oC) Density(kg/m3) Vs_diff(km/s)
   130.000    130.000    370.000 125720.000   1373.630   3598.065      0.002
   135.000    135.000    370.000 125720.000   1381.410   3597.280      0.003
   140.000    140.000    370.000 125720.000   1389.195   3596.475      0.002
   145.000    145.000    370.000 125720.000   1381.410   3597.280      0.002
   150.000    150.000    370.000 125720.000   1373.630   3598.065      0.001
   155.000    155.000    370.000 125720.000   1365.850   3598.755      0.000
   160.000    160.000    370.000 125720.000   1358.065   3599.450      0.001
   165.000    165.000    370.000 125720.000   1350.280   3600.120      0.001
   170.000    170.000    370.000 125720.000   1334.720   3601.430      0.001
   175.000    175.000    370.000 125720.000   1319.150   3602.750      0.000
   180.000    180.000    370.000 125720.000   1311.370   3603.370      0.001
   185.000    185.000    370.000 125720.000   1303.590   3604.075      0.002
   190.000    190.000    370.000 125720.000   1295.805   3604.775      0.002
     0.000      0.000    365.000 123577.000   1467.020   3584.780      0.002
     5.000      5.000    365.000 123577.000   1459.240   3585.335      0.002
    10.000     10.000    365.000 123577.000   1443.670   3586.745      0.002
    15.000     15.000    365.000 123577.000   1451.455   3585.960      0.002
    20.000     20.000    365.000 123577.000   1451.455   3585.960      0.000
    25.000     25.000    365.000 123577.000   1451.455   3585.960      0.001
    30.000     30.000    365.000 123577.000   1435.890   3587.445      0.001
    35.000     35.000    365.000 123577.000   1412.540   3588.935      0.002
    40.000     40.000    365.000 123577.000   1404.760   3589.610      0.002
    45.000     45.000    365.000 123577.000   1396.980   3590.270      0.001
    50.000     50.000    365.000 123577.000   1396.980   3590.270      0.001
    55.000     55.000    365.000 123577.000   1381.410   3591.780      0.001
    60.000     60.000    365.000 123577.000   1373.630   3592.630      0.002
    65.000     65.000    365.000 123577.000   1358.065   3594.120      0.002
    70.000     70.000    365.000 123577.000   1358.065   3594.120      0.000
    75.000     75.000    365.000 123577.000   1365.850   3593.380      0.001
    80.000     80.000    365.000 123577.000   1373.630   3592.630      0.000
    85.000     85.000    365.000 123577.000   1373.630   3592.630      0.001
    90.000     90.000    365.000 123577.000   1373.630   3592.630      0.001
    95.000     95.000    365.000 123577.000   1373.630   3592.630      0.000
   100.000    100.000    365.000 123577.000   1373.630   3592.630      0.000
   105.000    105.000    365.000 123577.000   1373.630   3592.630      0.001
   110.000    110.000    365.000 123577.000   1373.630   3592.630      0.001
   115.000    115.000    365.000 123577.000   1373.630   3592.630      0.002
   120.000    120.000    365.000 123577.000   1365.850   3593.380      0.000
   125.000    125.000    365.000 123577.000   1365.850   3593.380      0.001
   130.000    130.000    365.000 123577.000   1365.850   3593.380      0.002
   135.000    135.000    365.000 123577.000   1373.630   3592.630      0.002
   140.000    140.000    365.000 123577.000   1381.410   3591.780      0.002
   145.000    145.000    365.000 123577.000   1373.630   3592.630      0.001
   150.000    150.000    365.000 123577.000   1365.850   3593.380      0.000
   155.000    155.000    365.000 123577.000   1365.850   3593.380      0.002
   160.000    160.000    365.000 123577.000   1358.065   3594.120      0.002
   165.000    165.000    365.000 123577.000   1350.280   3594.760      0.002
   170.000    170.000    365.000 123577.000   1326.935   3596.650      0.000
   175.000    175.000    365.000 123577.000   1319.150   3597.330      0.002
   180.000    180.000    365.000 123577.000   1311.370   3598.135      0.002
   185.000    185.000    365.000 123577.000   1295.805   3599.505      0.000
   190.000    190.000    365.000 123577.000   1288.020   3600.205      0.000
     0.000      0.000    360.000 122149.000   1459.240   3581.660      0.000
     5.000      5.000    360.000 122149.000   1459.240   3581.660      0.002
    10.000     10.000    360.000 122149.000   1435.890   3583.810      0.000
    15.000     15.000    360.000 122149.000   1451.455   3582.375      0.002
    20.000     20.000    360.000 122149.000   1451.455   3582.375      0.000
    25.000     25.000    360.000 122149.000   1451.455   3582.375      0.000
    30.000     30.000    360.000 122149.000   1435.890   3583.810      0.001
    35.000     35.000    360.000 122149.000   1412.540   3585.630      0.001
    40.000     40.000    360.000 122149.000   1404.760   3586.145      0.001
    45.000     45.000    360.000 122149.000   1404.760   3586.145      0.003
    50.000     50.000    360.000 122149.000   1396.980   3587.020      0.000
    55.000     55.000    360.000 122149.000   1381.410   3588.450      0.000
    60.000     60.000    360.000 122149.000   1373.630   3589.080      0.001
    65.000     65.000    360.000 122149.000   1350.280   3591.225      0.001
    70.000     70.000    360.000 122149.000   1365.850   3589.725      0.003
    75.000     75.000    360.000 122149.000   1365.850   3589.725      0.002
    80.000     80.000    360.000 122149.000   1373.630   3589.080      0.001
    85.000     85.000    360.000 122149.000   1373.630   3589.080      0.002
    90.000     90.000    360.000 122149.000   1373.630   3589.080      0.002
    95.000     95.000    360.000 122149.000   1373.630   3589.080      0.001
   100.000    100.000    360.000 122149.000   1373.630   3589.080      0.001
   105.000    105.000    360.000 122149.000   1373.630   3589.080      0.001
   110.000    110.000    360.000 122149.000   1373.630   3589.080      0.002
   115.000    115.000    360.000 122149.000   1373.630   3589.080      0.002
   120.000    120.000    360.000 122149.000   1365.850   3589.725      0.001
   125.000    125.000    360.000 122149.000   1365.850   3589.725      0.001
   130.000    130.000    360.000 122149.000   1365.850   3589.725      0.002
   135.000    135.000    360.000 122149.000   1373.630   3589.080      0.002
   140.000    140.000    360.000 122149.000   1381.410   3588.450      0.000
   145.000    145.000    360.000 122149.000   1373.630   3589.080      0.001
   150.000    150.000    360.000 122149.000   1373.630   3589.080      0.002
   155.000    155.000    360.000 122149.000   1365.850   3589.725      0.001
   160.000    160.000    360.000 122149.000   1358.065   3590.465      0.001
   165.000    165.000    360.000 122149.000   1350.280   3591.225      0.000
   170.000    170.000    360.000 122149.000   1334.720   3592.525      0.002
   175.000    175.000    360.000 122149.000   1326.935   3593.210      0.002
   180.000    180.000    360.000 122149.000   1319.150   3593.885      0.002
   185.000    185.000    360.000 122149.000   1303.590   3595.260      0.002
   190.000    190.000    360.000 122149.000   1295.805   3595.945      0.001
     0.000      0.000    355.000 120006.000   1443.670   3577.710      0.000
     5.000      5.000    355.000 120006.000   1435.890   3578.385      0.000
    10.000     10.000    355.000 120006.000   1420.325   3579.440      0.001
    15.000     15.000    355.000 120006.000   1428.110   3578.970      0.001
    20.000     20.000    355.000 120006.000   1435.890   3578.385      0.001
    25.000     25.000    355.000 120006.000   1435.890   3578.385      0.001
    30.000     30.000    355.000 120006.000   1420.325   3579.440      0.001
    35.000     35.000    355.000 120006.000   1404.760   3580.855      0.002
    40.000     40.000    355.000 120006.000   1396.980   3581.630      0.002
    45.000     45.000    355.000 120006.000   1389.195   3582.330      0.001
    50.000     50.000    355.000 120006.000   1389.195   3582.330      0.002
    55.000     55.000    355.000 120006.000   1373.630   3583.700      0.002
    60.000     60.000    355.000 120006.000   1358.065   3585.055      0.001
    65.000     65.000    355.000 120006.000   1342.500   3586.480      0.002
    70.000     70.000    355.000 120006.000   1342.500   3586.480      0.000
    75.000     75.000    355.000 120006.000   1350.280   3585.815      0.001
    80.000     80.000    355.000 120006.000   1358.065   3585.055      0.002
    85.000     85.000    355.000 120006.000   1358.065   3585.055      0.001
    90.000     90.000    355.000 120006.000   1358.065   3585.055      0.001
    95.000     95.000    355.000 120006.000   1358.065   3585.055      0.000
   100.000    100.000    355.000 120006.000   1358.065   3585.055      0.000
   105.000    105.000    355.000 120006.000   1358.065   3585.055      0.000
   110.000    110.000    355.000 120006.000   1358.065   3585.055      0.001
   115.000    115.000    355.000 120006.000   1358.065   3585.055      0.001
   120.000    120.000    355.000 120006.000   1358.065   3585.055      0.001
   125.000    125.000    355.000 120006.000   1358.065   3585.055      0.001
   130.000    130.000    355.000 120006.000   1358.065   3585.055      0.002
   135.000    135.000    355.000 120006.000   1365.850   3584.345      0.002
   140.000    140.000    355.000 120006.000   1373.630   3583.700      0.001
   145.000    145.000    355.000 120006.000   1365.850   3584.345      0.000
   150.000    150.000    355.000 120006.000   1365.850   3584.345      0.002
   155.000    155.000    355.000 120006.000   1358.065   3585.055      0.001
   160.000    160.000    355.000 120006.000   1350.280   3585.815      0.000
   165.000    165.000    355.000 120006.000   1342.500   3586.480      0.000
   170.000    170.000    355.000 120006.000   1326.935   3587.815      0.000
   175.000    175.000    355.000 120006.000   1319.150   3588.515      0.001
   180.000    180.000    355.000 120006.000   1311.370   3589.235      0.001
   185.000    185.000    355.000 120006.000   1295.805   3590.220      0.000
   190.000    190.000    355.000 120006.000   1295.805   3590.220      0.002
     0.000      0.000    350.000 118577.000   1443.670   3574.010      0.002
     5.000      5.000    350.000 118577.000   1435.890   3574.685      0.002
    10.000     10.000    350.000 118577.000   1412.540   3576.665      0.001
    15.000     15.000    350.000 118577.000   1420.325   3575.980      0.001
    20.000     20.000    350.000 118577.000   1428.110   3575.320      0.001
    25.000     25.000    350.000 118577.000   1428.110   3575.320      0.000
    30.000     30.000    350.000 118577.000   1420.325   3575.980      0.002
    35.000     35.000    350.000 118577.000   1404.760   3577.340      0.002
    40.000     40.000    350.000 118577.000   1396.980   3578.060      0.001
    45.000     45.000    350.000 118577.000   1389.195   3578.745      0.000
    50.000     50.000    350.000 118577.000   1381.410   3579.420      0.000
    55.000     55.000    350.000 118577.000   1365.850   3580.340      0.001
    60.000     60.000    350.000 118577.000   1358.065   3581.110      0.001
    65.000     65.000    350.000 118577.000   1342.500   3581.945      0.002
    70.000     70.000    350.000 118577.000   1342.500   3581.945      0.000
    75.000     75.000    350.000 118577.000   1342.500   3581.945      0.000
    80.000     80.000    350.000 118577.000   1350.280   3581.500      0.001
    85.000     85.000    350.000 118577.000   1358.065   3581.110      0.002
    90.000     90.000    350.000 118577.000   1358.065   3581.110      0.002
    95.000     95.000    350.000 118577.000   1358.065   3581.110      0.001
   100.000    100.000    350.000 118577.000   1358.065   3581.110      0.001
   105.000    105.000    350.000 118577.000   1358.065   3581.110      0.001
   110.000    110.000    350.000 118577.000   1358.065   3581.110      0.002
   115.000    115.000    350.000 118577.000   1358.065   3581.110      0.001
   120.000    120.000    350.000 118577.000   1358.065   3581.110      0.002
   125.000    125.000    350.000 118577.000   1358.065   3581.110      0.002
   130.000    130.000    350.000 118577.000   1358.065   3581.110      0.002
   135.000    135.000    350.000 118577.000   1365.850   3580.340      0.002
   140.000    140.000    350.000 118577.000   1381.410   3579.420      0.002
   145.000    145.000    350.000 118577.000   1365.850   3580.340      0.000
   150.000    150.000    350.000 118577.000   1365.850   3580.340      0.001
   155.000    155.000    350.000 118577.000   1365.850   3580.340      0.003
   160.000    160.000    350.000 118577.000   1358.065   3581.110      0.002
   165.000    165.000    350.000 118577.000   1350.280   3581.500      0.000
   170.000    170.000    350.000 118577.000   1334.720   3582.585      0.001
   175.000    175.000    350.000 118577.000   1326.935   3583.290      0.001
   180.000    180.000    350.000 118577.000   1319.150   3583.960      0.001
   185.000    185.000    350.000 118577.000   1303.590   3584.980      0.000
   190.000    190.000    350.000 118577.000   1303.590   3584.980      0.002
     0.000      0.000    345.000 116435.000   1443.670   3568.100      0.002
     5.000      5.000    345.000 116435.000   1435.890   3568.710      0.002
    10.000     10.000    345.000 116435.000   1420.325   3569.735      0.002
    15.000     15.000    345.000 116435.000   1428.110   3569.285      0.002
    20.000     20.000    345.000 116435.000   1435.890   3568.710      0.002
    25.000     25.000    345.000 116435.000   1435.890   3568.710      0.002
    30.000     30.000    345.000 116435.000   1420.325   3569.735      0.001
    35.000     35.000    345.000 116435.000   1404.760   3570.785      0.001
    40.000     40.000    345.000 116435.000   1396.980   3571.340      0.000
    45.000     45.000    345.000 116435.000   1396.980   3571.340      0.002
    50.000     50.000    345.000 116435.000   1389.195   3571.810      0.002
    55.000     55.000    345.000 116435.000   1373.630   3572.900      0.002
    60.000     60.000    345.000 116435.000   1358.065   3574.245      0.000
    65.000     65.000    345.000 116435.000   1342.500   3574.970      0.001
    70.000     70.000    345.000 116435.000   1350.280   3574.575      0.002
    75.000     75.000    345.000 116435.000   1350.280   3574.575      0.001
    80.000     80.000    345.000 116435.000   1358.065   3574.245      0.002
    85.000     85.000    345.000 116435.000   1358.065   3574.245      0.001
    90.000     90.000    345.000 116435.000   1358.065   3574.245      0.001
    95.000     95.000    345.000 116435.000   1358.065   3574.245      0.000
   100.000    100.000    345.000 116435.000   1358.065   3574.245      0.000
   105.000    105.000    345.000 116435.000   1358.065   3574.245      0.000
   110.000    110.000    345.000 116435.000   1358.065   3574.245      0.001
   115.000    115.000    345.000 116435.000   1358.065   3574.245      0.001
   120.000    120.000    345.000 116435.000   1358.065   3574.245      0.001
   125.000    125.000    345.000 116435.000   1358.065   3574.245      0.001
   130.000    130.000    345.000 116435.000   1358.065   3574.245      0.002
   135.000    135.000    345.000 116435.000   1365.850   3573.545      0.002
   140.000    140.000    345.000 116435.000   1373.630   3572.900      0.000
   145.000    145.000    345.000 116435.000   1373.630   3572.900      0.002
   150.000    150.000    345.000 116435.000   1365.850   3573.545      0.001
   155.000    155.000    345.000 116435.000   1365.850   3573.545      0.002
   160.000    160.000    345.000 116435.000   1358.065   3574.245      0.001
   165.000    165.000    345.000 116435.000   1350.280   3574.575      0.000
   170.000    170.000    345.000 116435.000   1334.720   3575.660      0.000
   175.000    175.000    345.000 116435.000   1326.935   3576.375      0.001
   180.000    180.000    345.000 116435.000   1319.150   3576.945      0.001
   185.000    185.000    345.000 116435.000   1311.370   3577.495      0.001
   190.000    190.000    345.000 116435.000   1303.590   3578.035      0.001
     0.000      0.000    340.000 114292.000   1451.455   3560.300      0.000
     5.000      5.000    340.000 114292.000   1451.455   3560.300      0.002
    10.000     10.000    340.000 114292.000   1435.890   3561.345      0.003
    15.000     15.000    340.000 114292.000   1443.670   3560.935      0.002
    20.000     20.000    340.000 114292.000   1443.670   3560.935      0.000
    25.000     25.000    340.000 114292.000   1443.670   3560.935      0.000
    30.000     30.000    340.000 114292.000   1435.890   3561.345      0.003
    35.000     35.000    340.000 114292.000   1412.540   3563.160      0.001
    40.000     40.000    340.000 114292.000   1404.760   3563.715      0.001
    45.000     45.000    340.000 114292.000   1404.760   3563.715      0.002
    50.000     50.000    340.000 114292.000   1396.980   3564.235      0.002
    55.000     55.000    340.000 114292.000   1373.630   3566.190      0.000
    60.000     60.000    340.000 114292.000   1365.850   3566.805      0.001
    65.000     65.000    340.000 114292.000   1342.500   3568.290      0.001
    70.000     70.000    340.000 114292.000   1350.280   3567.895      0.000
    75.000     75.000    340.000 114292.000   1358.065   3567.570      0.002
    80.000     80.000    340.000 114292.000   1365.850   3566.805      0.002
    85.000     85.000    340.000 114292.000   1365.850   3566.805      0.002
    90.000     90.000    340.000 114292.000   1365.850   3566.805      0.002
    95.000     95.000    340.000 114292.000   1365.850   3566.805      0.001
   100.000    100.000    340.000 114292.000   1365.850   3566.805      0.001
   105.000    105.000    340.000 114292.000   1365.850   3566.805      0.002
   110.000    110.000    340.000 114292.000   1365.850   3566.805      0.002
   115.000    115.000    340.000 114292.000   1358.065   3567.570      0.000
   120.000    120.000    340.000 114292.000   1358.065   3567.570      0.001
   125.000    125.000    340.000 114292.000   1358.065   3567.570      0.001
   130.000    130.000    340.000 114292.000   1358.065   3567.570      0.003
   135.000    135.000    340.000 114292.000   1365.850   3566.805      0.002
   140.000    140.000    340.000 114292.000   1381.410   3565.570      0.002
   145.000    145.000    340.000 114292.000   1373.630   3566.190      0.002
   150.000    150.000    340.000 114292.000   1365.850   3566.805      0.001
   155.000    155.000    340.000 114292.000   1365.850   3566.805      0.001
   160.000    160.000    340.000 114292.000   1358.065   3567.570      0.001
   165.000    165.000    340.000 114292.000   1358.065   3567.570      0.003
   170.000    170.000    340.000 114292.000   1334.720   3569.070      0.000
   175.000    175.000    340.000 114292.000   1334.720   3569.070      0.003
   180.000    180.000    340.000 114292.000   1326.935   3569.850      0.002
   185.000    185.000    340.000 114292.000   1311.370   3570.385      0.001
   190.000    190.000    340.000 114292.000   1311.370   3570.385      0.002
     0.000      0.000    335.000 112863.000   1467.020   3554.520      0.000
     5.000      5.000    335.000 112863.000   1467.020   3554.520      0.002
    10.000     10.000    335.000 112863.000   1451.455   3555.755      0.001
    15.000     15.000    335.000 112863.000   1459.240   3554.930      0.002
    20.000     20.000    335.000 112863.000   1459.240   3554.930      0.001
    25.000     25.000    335.000 112863.000   1459.240   3554.930      0.001
    30.000     30.000    335.000 112863.000   1443.670   3556.290      0.000
    35.000     35.000    335.000 112863.000   1428.110   3557.385      0.002
    40.000     40.000    335.000 112863.000   1420.325   3558.005      0.001
    45.000     45.000    335.000 112863.000   1412.540   3558.380      0.001
    50.000     50.000    335.000 112863.000   1404.760   3558.925      0.001
    55.000     55.000    335.000 112863.000   1389.195   3560.035      0.002
    60.000     60.000    335.000 112863.000   1373.630   3561.675      0.001
