#x(km) y(km) depth(km) Pressure(bar) Temperature(oC) Density(kg/m3) Vs_diff(km/s)
   130.000    130.000    170.000  55722.500   1653.800   3348.585      0.001
   135.000    135.000    170.000  55722.500   1653.800   3348.585      0.001
   140.000    140.000    170.000  55722.500   1684.935   3344.915      0.002
   145.000    145.000    170.000  55722.500   1661.585   3347.655      0.003
   150.000    150.000    170.000  55722.500   1653.800   3348.585      0.002
   155.000    155.000    170.000  55722.500   1653.800   3348.585      0.001
   160.000    160.000    170.000  55722.500   1661.585   3347.655      0.000
   165.000    165.000    170.000  55722.500   1669.370   3346.755      0.001
   170.000    170.000    170.000  55722.500   1661.585   3347.655      0.003
   175.000    175.000    170.000  55722.500   1669.370   3346.755      0.003
   180.000    180.000    170.000  55722.500   1661.585   3347.655      0.003
   185.000    185.000    170.000  55722.500   1646.020   3349.515      0.002
   190.000    190.000    170.000  55722.500   1646.020   3349.515      0.001
     0.000      0.000    165.000  54294.000   1996.240   3301.780      0.001
     5.000      5.000    165.000  54294.000   1980.670   3304.200      0.001
    10.000     10.000    165.000  54294.000   1949.540   3308.045      0.000
    15.000     15.000    165.000  54294.000   1941.760   3309.005      0.002
    20.000     20.000    165.000  54294.000   1926.195   3310.945      0.001
    25.000     25.000    165.000  54294.000   1910.630   3312.855      0.001
    30.000     30.000    165.000  54294.000   1879.500   3316.650      0.003
    35.000     35.000    165.000  54294.000   1840.585   3321.465      0.003
    40.000     40.000    165.000  54294.000   1809.455   3325.250      0.002
    45.000     45.000    165.000  54294.000   1778.325   3329.035      0.002
    50.000     50.000    165.000  54294.000   1731.630   3334.700      0.003
    55.000     55.000    165.000  54294.000   1677.150   3341.225      0.001
    60.000     60.000    165.000  54294.000   1669.370   3342.160      0.001
    65.000     65.000    165.000  54294.000   1677.150   3341.225      0.001
    70.000     70.000    165.000  54294.000   1684.935   3340.300      0.001
    75.000     75.000    165.000  54294.000   1677.150   3341.225      0.003
    80.000     80.000    165.000  54294.000   1661.585   3343.100      0.002
    85.000     85.000    165.000  54294.000   1692.720   3339.370      0.003
    90.000     90.000    165.000  54294.000   1684.935   3340.300      0.002
    95.000     95.000    165.000  54294.000   1669.370   3342.160      0.002
   100.000    100.000    165.000  54294.000   1653.800   3344.035      0.001
   105.000    105.000    165.000  54294.000   1646.020   3344.970      0.002
   110.000    110.000    165.000  54294.000   1638.240   3345.905      0.002
   115.000    115.000    165.000  54294.000   1630.455   3346.840      0.001
   120.000    120.000    165.000  54294.000   1630.455   3346.840      0.002
   125.000    125.000    165.000  54294.000   1630.455   3346.840      0.002
   130.000    130.000    165.000  54294.000   1622.670   3347.775      0.003
   135.000    135.000    165.000  54294.000   1622.670   3347.775      0.002
   140.000    140.000    165.000  54294.000   1646.020   3344.970      0.002
   145.000    145.000    165.000  54294.000   1622.670   3347.775      0.002
   150.000    150.000    165.000  54294.000   1614.890   3348.700      0.001
   155.000    155.000    165.000  54294.000   1614.890   3348.700      0.000
   160.000    160.000    165.000  54294.000   1630.455   3346.840      0.002
   165.000    165.000    165.000  54294.000   1630.455   3346.840      0.000
   170.000    170.000    165.000  54294.000   1622.670   3347.775      0.001
   175.000    175.000    165.000  54294.000   1630.455   3346.840      0.001
   180.000    180.000    165.000  54294.000   1622.670   3347.775      0.001
   185.000    185.000    165.000  54294.000   1614.890   3348.700      0.002
   190.000    190.000    165.000  54294.000   1614.890   3348.700      0.001
     0.000      0.000    160.000  52865.500   1988.455   3297.870      0.003
     5.000      5.000    160.000  52865.500   1965.110   3300.940      0.000
    10.000     10.000    160.000  52865.500   1933.980   3304.875      0.000
    15.000     15.000    160.000  52865.500   1926.195   3305.850      0.002
    20.000     20.000    160.000  52865.500   1910.630   3307.835      0.001
    25.000     25.000    160.000  52865.500   1895.065   3309.780      0.001
    30.000     30.000    160.000  52865.500   1856.150   3314.260      0.002
    35.000     35.000    160.000  52865.500   1817.240   3319.345      0.002
    40.000     40.000    160.000  52865.500   1786.110   3323.190      0.001
    45.000     45.000    160.000  52865.500   1754.980   3327.075      0.001
    50.000     50.000    160.000  52865.500   1700.500   3333.740      0.001
    55.000     55.000    160.000  52865.500   1653.800   3339.400      0.003
    60.000     60.000    160.000  52865.500   1646.020   3340.355      0.000
    65.000     65.000    160.000  52865.500   1661.585   3338.455      0.002
    70.000     70.000    160.000  52865.500   1669.370   3337.520      0.002
    75.000     75.000    160.000  52865.500   1653.800   3339.400      0.002
    80.000     80.000    160.000  52865.500   1630.455   3342.230      0.001
    85.000     85.000    160.000  52865.500   1669.370   3337.520      0.002
    90.000     90.000    160.000  52865.500   1661.585   3338.455      0.003
    95.000     95.000    160.000  52865.500   1638.240   3341.295      0.001
   100.000    100.000    160.000  52865.500   1622.670   3343.170      0.000
   105.000    105.000    160.000  52865.500   1614.890   3344.115      0.002
   110.000    110.000    160.000  52865.500   1607.110   3345.055      0.003
   115.000    115.000    160.000  52865.500   1599.325   3345.990      0.002
   120.000    120.000    160.000  52865.500   1599.325   3345.990      0.003
   125.000    125.000    160.000  52865.500   1591.540   3346.920      0.000
   130.000    130.000    160.000  52865.500   1583.760   3347.825      0.002
   135.000    135.000    160.000  52865.500   1583.760   3347.825      0.002
   140.000    140.000    160.000  52865.500   1614.890   3344.115      0.002
   145.000    145.000    160.000  52865.500   1583.760   3347.825      0.001
   150.000    150.000    160.000  52865.500   1575.980   3348.675      0.001
   155.000    155.000    160.000  52865.500   1583.760   3347.825      0.002
   160.000    160.000    160.000  52865.500   1591.540   3346.920      0.000
   165.000    165.000    160.000  52865.500   1599.325   3345.990      0.001
   170.000    170.000    160.000  52865.500   1591.540   3346.920      0.002
   175.000    175.000    160.000  52865.500   1599.325   3345.990      0.000
   180.000    180.000    160.000  52865.500   1591.540   3346.920      0.000
   185.000    185.000    160.000  52865.500   1583.760   3347.825      0.002
   190.000    190.000    160.000  52865.500   1583.760   3347.825      0.000
     0.000      0.000    155.000  51436.900   1965.110   3295.660      0.000
     5.000      5.000    155.000  51436.900   1949.540   3297.710      0.002
    10.000     10.000    155.000  51436.900   1918.410   3301.680      0.000
    15.000     15.000    155.000  51436.900   1902.850   3303.640      0.000
    20.000     20.000    155.000  51436.900   1887.280   3305.670      0.000
    25.000     25.000    155.000  51436.900   1871.715   3307.335      0.002
    30.000     30.000    155.000  51436.900   1832.800   3312.505      0.001
    35.000     35.000    155.000  51436.900   1793.890   3317.040      0.003
    40.000     40.000    155.000  51436.900   1762.760   3321.240      0.002
    45.000     45.000    155.000  51436.900   1723.850   3326.080      0.001
    50.000     50.000    155.000  51436.900   1669.370   3332.785      0.000
    55.000     55.000    155.000  51436.900   1622.670   3338.505      0.000
    60.000     60.000    155.000  51436.900   1622.670   3338.505      0.001
    65.000     65.000    155.000  51436.900   1638.240   3336.600      0.001
    70.000     70.000    155.000  51436.900   1646.020   3335.660      0.002
    75.000     75.000    155.000  51436.900   1630.455   3337.540      0.003
    80.000     80.000    155.000  51436.900   1607.110   3340.405      0.000
    85.000     85.000    155.000  51436.900   1638.240   3336.600      0.001
    90.000     90.000    155.000  51436.900   1630.455   3337.540      0.001
    95.000     95.000    155.000  51436.900   1614.890   3339.470      0.003
   100.000    100.000    155.000  51436.900   1599.325   3341.340      0.003
   105.000    105.000    155.000  51436.900   1583.760   3343.140      0.003
   110.000    110.000    155.000  51436.900   1568.195   3345.050      0.000
   115.000    115.000    155.000  51436.900   1568.195   3345.050      0.002
   120.000    120.000    155.000  51436.900   1560.410   3345.870      0.001
   125.000    125.000    155.000  51436.900   1560.410   3345.870      0.002
   130.000    130.000    155.000  51436.900   1544.850   3347.790      0.000
   135.000    135.000    155.000  51436.900   1552.630   3346.875      0.002
   140.000    140.000    155.000  51436.900   1575.980   3344.045      0.003
   145.000    145.000    155.000  51436.900   1552.630   3346.875      0.002
   150.000    150.000    155.000  51436.900   1544.850   3347.790      0.002
   155.000    155.000    155.000  51436.900   1544.850   3347.790      0.000
   160.000    160.000    155.000  51436.900   1560.410   3345.870      0.002
   165.000    165.000    155.000  51436.900   1560.410   3345.870      0.000
   170.000    170.000    155.000  51436.900   1560.410   3345.870      0.002
   175.000    175.000    155.000  51436.900   1568.195   3345.050      0.001
   180.000    180.000    155.000  51436.900   1560.410   3345.870      0.000
   185.000    185.000    155.000  51436.900   1552.630   3346.875      0.001
   190.000    190.000    155.000  51436.900   1560.410   3345.870      0.002
     0.000      0.000    150.000  50008.400   1949.540   3292.455      0.001
     5.000      5.000    150.000  50008.400   1933.980   3294.465      0.002
    10.000     10.000    150.000  50008.400   1902.850   3298.525      0.002
    15.000     15.000    150.000  50008.400   1887.280   3300.440      0.002
    20.000     20.000    150.000  50008.400   1863.930   3303.035      0.000
    25.000     25.000    150.000  50008.400   1848.370   3305.505      0.000
    30.000     30.000    150.000  50008.400   1809.455   3310.445      0.001
    35.000     35.000    150.000  50008.400   1770.540   3315.380      0.002
    40.000     40.000    150.000  50008.400   1731.630   3320.280      0.000
    45.000     45.000    150.000  50008.400   1700.500   3324.165      0.001
    50.000     50.000    150.000  50008.400   1646.020   3330.935      0.002
    55.000     55.000    150.000  50008.400   1599.325   3336.710      0.003
    60.000     60.000    150.000  50008.400   1599.325   3336.710      0.001
    65.000     65.000    150.000  50008.400   1614.890   3334.785      0.001
    70.000     70.000    150.000  50008.400   1622.670   3333.830      0.001
    75.000     75.000    150.000  50008.400   1607.110   3335.745      0.003
    80.000     80.000    150.000  50008.400   1575.980   3339.595      0.001
    85.000     85.000    150.000  50008.400   1614.890   3334.785      0.000
    90.000     90.000    150.000  50008.400   1607.110   3335.745      0.002
    95.000     95.000    150.000  50008.400   1583.760   3338.630      0.002
   100.000    100.000    150.000  50008.400   1568.195   3340.410      0.002
   105.000    105.000    150.000  50008.400   1552.630   3342.440      0.002
   110.000    110.000    150.000  50008.400   1537.065   3344.350      0.000
   115.000    115.000    150.000  50008.400   1537.065   3344.350      0.003
   120.000    120.000    150.000  50008.400   1529.280   3345.315      0.001
   125.000    125.000    150.000  50008.400   1529.280   3345.315      0.002
   130.000    130.000    150.000  50008.400   1513.720   3347.225      0.002
   135.000    135.000    150.000  50008.400   1513.720   3347.225      0.001
   140.000    140.000    150.000  50008.400   1544.850   3343.395      0.001
   145.000    145.000    150.000  50008.400   1513.720   3347.225      0.001
   150.000    150.000    150.000  50008.400   1513.720   3347.225      0.003
   155.000    155.000    150.000  50008.400   1513.720   3347.225      0.001
   160.000    160.000    150.000  50008.400   1529.280   3345.315      0.002
   165.000    165.000    150.000  50008.400   1537.065   3344.350      0.002
   170.000    170.000    150.000  50008.400   1529.280   3345.315      0.003
   175.000    175.000    150.000  50008.400   1544.850   3343.395      0.002
   180.000    180.000    150.000  50008.400   1537.065   3344.350      0.002
   185.000    185.000    150.000  50008.400   1529.280   3345.315      0.003
   190.000    190.000    150.000  50008.400   1537.065   3344.350      0.003
     0.000      0.000    145.000  47865.700   1926.195   3287.335      0.001
     5.000      5.000    145.000  47865.700   1910.630   3289.480      0.003
    10.000     10.000    145.000  47865.700   1879.500   3293.660      0.001
    15.000     15.000    145.000  47865.700   1856.150   3296.155      0.000
    20.000     20.000    145.000  47865.700   1840.585   3297.890      0.002
    25.000     25.000    145.000  47865.700   1825.020   3300.615      0.003
    30.000     30.000    145.000  47865.700   1778.325   3306.370      0.002
    35.000     35.000    145.000  47865.700   1739.410   3311.855      0.002
    40.000     40.000    145.000  47865.700   1700.500   3316.805      0.000
    45.000     45.000    145.000  47865.700   1669.370   3320.755      0.003
    50.000     50.000    145.000  47865.700   1607.110   3328.640      0.000
    55.000     55.000    145.000  47865.700   1568.195   3332.910      0.003
    60.000     60.000    145.000  47865.700   1568.195   3332.910      0.003
    65.000     65.000    145.000  47865.700   1575.980   3331.870      0.000
    70.000     70.000    145.000  47865.700   1583.760   3331.215      0.001
    75.000     75.000    145.000  47865.700   1568.195   3332.910      0.002
    80.000     80.000    145.000  47865.700   1544.850   3335.835      0.000
    85.000     85.000    145.000  47865.700   1575.980   3331.870      0.003
    90.000     90.000    145.000  47865.700   1568.195   3332.910      0.002
    95.000     95.000    145.000  47865.700   1544.850   3335.835      0.002
   100.000    100.000    145.000  47865.700   1529.280   3338.140      0.002
   105.000    105.000    145.000  47865.700   1513.720   3340.305      0.001
   110.000    110.000    145.000  47865.700   1505.935   3341.275      0.002
   115.000    115.000    145.000  47865.700   1498.150   3342.230      0.002
   120.000    120.000    145.000  47865.700   1490.370   3343.190      0.002
   125.000    125.000    145.000  47865.700   1482.590   3344.120      0.000
   130.000    130.000    145.000  47865.700   1474.805   3344.845      0.003
   135.000    135.000    145.000  47865.700   1474.805   3344.845      0.001
   140.000    140.000    145.000  47865.700   1498.150   3342.230      0.001
   145.000    145.000    145.000  47865.700   1474.805   3344.845      0.001
   150.000    150.000    145.000  47865.700   1467.020   3345.815      0.001
   155.000    155.000    145.000  47865.700   1474.805   3344.845      0.002
   160.000    160.000    145.000  47865.700   1490.370   3343.190      0.002
   165.000    165.000    145.000  47865.700   1498.150   3342.230      0.002
   170.000    170.000    145.000  47865.700   1490.370   3343.190      0.001
   175.000    175.000    145.000  47865.700   1505.935   3341.275      0.001
   180.000    180.000    145.000  47865.700   1498.150   3342.230      0.001
   185.000    185.000    145.000  47865.700   1490.370   3343.190      0.001
   190.000    190.000    145.000  47865.700   1498.150   3342.230      0.001
     0.000      0.000    140.000  46437.100   1918.410   3282.930      0.003
     5.000      5.000    140.000  46437.100   1895.065   3286.115      0.001
    10.000     10.000    140.000  46437.100   1863.930   3289.930      0.002
    15.000     15.000    140.000  46437.100   1848.370   3291.775      0.004
    20.000     20.000    140.000  46437.100   1832.800   3294.460      0.003
    25.000     25.000    140.000  46437.100   1801.670   3298.280      0.000
    30.000     30.000    140.000  46437.100   1762.760   3303.720      0.002
    35.000     35.000    140.000  46437.100   1716.065   3309.835      0.001
    40.000     40.000    140.000  46437.100   1684.935   3313.845      0.003
    45.000     45.000    140.000  46437.100   1646.020   3318.840      0.002
    50.000     50.000    140.000  46437.100   1583.760   3326.755      0.001
    55.000     55.000    140.000  46437.100   1537.065   3332.635      0.001
    60.000     60.000    140.000  46437.100   1544.850   3331.405      0.002
    65.000     65.000    140.000  46437.100   1560.410   3329.215      0.002
    70.000     70.000    140.000  46437.100   1568.195   3328.470      0.002
    75.000     75.000    140.000  46437.100   1544.850   3331.405      0.002
    80.000     80.000    140.000  46437.100   1521.500   3334.670      0.003
    85.000     85.000    140.000  46437.100   1552.630   3330.175      0.002
    90.000     90.000    140.000  46437.100   1537.065   3332.635      0.000
    95.000     95.000    140.000  46437.100   1513.720   3335.650      0.001
   100.000    100.000    140.000  46437.100   1498.150   3337.590      0.001
   105.000    105.000    140.000  46437.100   1482.590   3339.525      0.002
   110.000    110.000    140.000  46437.100   1467.020   3341.340      0.001
   115.000    115.000    140.000  46437.100   1459.240   3342.180      0.001
   120.000    120.000    140.000  46437.100   1451.455   3343.065      0.001
   125.000    125.000    140.000  46437.100   1451.455   3343.065      0.002
   130.000    130.000    140.000  46437.100   1435.890   3345.360      0.002
   135.000    135.000    140.000  46437.100   1435.890   3345.360      0.001
   140.000    140.000    140.000  46437.100   1467.020   3341.340      0.000
   145.000    145.000    140.000  46437.100   1435.890   3345.360      0.001
   150.000    150.000    140.000  46437.100   1435.890   3345.360      0.003
   155.000    155.000    140.000  46437.100   1435.890   3345.360      0.000
   160.000    160.000    140.000  46437.100   1451.455   3343.065      0.001
   165.000    165.000    140.000  46437.100   1459.240   3342.180      0.001
   170.000    170.000    140.000  46437.100   1451.455   3343.065      0.002
   175.000    175.000    140.000  46437.100   1474.805   3340.490      0.002
   180.000    180.000    140.000  46437.100   1467.020   3341.340      0.002
   185.000    185.000    140.000  46437.100   1459.240   3342.180      0.002
   190.000    190.000    140.000  46437.100   1467.020   3341.340      0.001
     0.000      0.000    135.000  45008.600   1902.850   3279.500      0.000
     5.000      5.000    135.000  45008.600   1871.715   3281.930      0.001
    10.000     10.000    135.000  45008.600   1848.370   3285.430      0.002
    15.000     15.000    135.000  45008.600   1832.800   3288.645      0.002
    20.000     20.000    135.000  45008.600   1817.240   3290.795      0.003
    25.000     25.000    135.000  45008.600   1786.110   3294.980      0.002
    30.000     30.000    135.000  45008.600   1747.195   3300.635      0.003
    35.000     35.000    135.000  45008.600   1700.500   3306.795      0.002
    40.000     40.000    135.000  45008.600   1661.585   3311.885      0.002
    45.000     45.000    135.000  45008.600   1614.890   3317.965      0.000
    50.000     50.000    135.000  45008.600   1560.410   3324.005      0.003
    55.000     55.000    135.000  45008.600   1521.500   3329.840      0.003
    60.000     60.000    135.000  45008.600   1521.500   3329.840      0.002
