#x(km) y(km) depth(km) Pressure(bar) Temperature(oC) Density(kg/m3) Vs_diff(km/s)
     0.000      0.000    100.000  33580.500   1747.195   3249.850      0.006
     5.000      5.000    100.000  33580.500   1731.630   3255.945      0.002
    10.000     10.000    100.000  33580.500   1692.720   3262.305      0.001
    15.000     15.000    100.000  33580.500   1669.370   3266.035      0.002
    20.000     20.000    100.000  33580.500   1638.240   3270.910      0.001
    25.000     25.000    100.000  33580.500   1575.980   3276.355     -0.001
    30.000     30.000    100.000  33580.500   1537.065   3284.200      0.005
    35.000     35.000    100.000  33580.500   1482.590   3293.770      0.001
    40.000     40.000    100.000  33580.500   1435.890   3300.800      0.000
    45.000     45.000    100.000  33580.500   1396.980   3306.375      0.003
    50.000     50.000    100.000  33580.500   1342.500   3314.005      0.002
    55.000     55.000    100.000  33580.500   1288.020   3321.560      0.001
    60.000     60.000    100.000  33580.500   1280.240   3322.625      0.003
    65.000     65.000    100.000  33580.500   1272.460   3323.680      0.001
    70.000     70.000    100.000  33580.500   1264.675   3324.745      0.000
    75.000     75.000    100.000  33580.500   1241.325   3327.930      0.002
    80.000     80.000    100.000  33580.500   1210.195   3332.160      0.002
    85.000     85.000    100.000  33580.500   1225.760   3330.045      0.003
    90.000     90.000    100.000  33580.500   1202.410   3333.210      0.001
    95.000     95.000    100.000  33580.500   1171.280   3337.425      0.002
   100.000    100.000    100.000  33580.500   1147.935   3340.575      0.002
   105.000    105.000    100.000  33580.500   1124.590   3343.695      0.003
   110.000    110.000    100.000  33580.500   1101.240   3346.800      0.001
   115.000    115.000    100.000  33580.500   1085.675   3348.865      0.001
   120.000    120.000    100.000  33580.500   1070.110   3350.915      0.002
   125.000    125.000    100.000  33580.500   1062.325   3351.950      0.002
   130.000    130.000    100.000  33580.500   1023.410   3356.880      0.001
   135.000    135.000    100.000  33580.500   1015.630   3357.910      0.000
   140.000    140.000    100.000  33580.500   1062.325   3351.950      0.002
   145.000    145.000    100.000  33580.500   1015.630   3357.910      0.000
   150.000    150.000    100.000  33580.500   1015.630   3357.910      0.003
   155.000    155.000    100.000  33580.500   1023.410   3356.880      0.002
   160.000    160.000    100.000  33580.500   1038.980   3354.770      0.001
   165.000    165.000    100.000  33580.500   1054.540   3352.985      0.002
   170.000    170.000    100.000  33580.500   1038.980   3354.770      0.001
   175.000    175.000    100.000  33580.500   1077.890   3349.890      0.002
   180.000    180.000    100.000  33580.500   1070.110   3350.915      0.001
   185.000    185.000    100.000  33580.500   1070.110   3350.915      0.001
   190.000    190.000    100.000  33580.500   1093.460   3347.835      0.003
     0.000      0.000     95.000  32152.000   1723.850   3248.900     -0.002
     5.000      5.000     95.000  32152.000   1708.280   3252.790      0.001
    10.000     10.000     95.000  32152.000   1677.150   3258.025      0.004
    15.000     15.000     95.000  32152.000   1646.020   3263.160      0.002
    20.000     20.000     95.000  32152.000   1614.890   3268.095      0.002
    25.000     25.000     95.000  32152.000   1552.630   3275.010     -0.003
    30.000     30.000     95.000  32152.000   1513.720   3283.730      0.001
    35.000     35.000     95.000  32152.000   1459.240   3289.790      0.006
    40.000     40.000     95.000  32152.000   1412.540   3298.660      0.002
    45.000     45.000     95.000  32152.000   1350.280   3306.560     -0.001
    50.000     50.000     95.000  32152.000   1311.370   3313.110      0.002
    55.000     55.000     95.000  32152.000   1256.890   3320.695      0.000
    60.000     60.000     95.000  32152.000   1241.325   3322.880      0.001
    65.000     65.000     95.000  32152.000   1233.540   3323.960      0.002
    70.000     70.000     95.000  32152.000   1217.980   3326.095      0.000
    75.000     75.000     95.000  32152.000   1194.630   3329.325      0.002
    80.000     80.000     95.000  32152.000   1171.280   3332.530      0.003
    85.000     85.000     95.000  32152.000   1171.280   3332.530      0.002
    90.000     90.000     95.000  32152.000   1155.720   3334.635      0.002
    95.000     95.000     95.000  32152.000   1124.590   3338.890      0.002
   100.000    100.000     95.000  32152.000   1093.460   3343.090      0.000
   105.000    105.000     95.000  32152.000   1070.110   3346.225      0.001
   110.000    110.000     95.000  32152.000   1054.540   3348.290      0.002
   115.000    115.000     95.000  32152.000   1038.980   3350.290      0.002
   120.000    120.000     95.000  32152.000   1015.630   3353.180      0.001
   125.000    125.000     95.000  32152.000   1000.065   3354.690      0.001
   130.000    130.000     95.000  32152.000    976.720   3358.615      0.002
   135.000    135.000     95.000  32152.000    968.935   3359.655      0.000
   140.000    140.000     95.000  32152.000   1000.065   3354.690      0.004
   145.000    145.000     95.000  32152.000    968.935   3359.655      0.001
   150.000    150.000     95.000  32152.000    961.150   3360.685      0.001
   155.000    155.000     95.000  32152.000    968.935   3359.655      0.001
   160.000    160.000     95.000  32152.000    984.500   3357.565      0.000
   165.000    165.000     95.000  32152.000    992.280   3356.115      0.001
   170.000    170.000     95.000  32152.000    992.280   3356.115      0.001
   175.000    175.000     95.000  32152.000   1023.410   3352.005      0.003
   180.000    180.000     95.000  32152.000   1015.630   3353.180      0.001
   185.000    185.000     95.000  32152.000   1015.630   3353.180      0.001
   190.000    190.000     95.000  32152.000   1038.980   3350.290      0.002
     0.000      0.000     90.000  30723.400   1708.280   3243.905      0.003
     5.000      5.000     90.000  30723.400   1684.935   3248.240      0.003
    10.000     10.000     90.000  30723.400   1646.020   3256.035      0.002
    15.000     15.000     90.000  30723.400   1622.670   3259.920      0.003
    20.000     20.000     90.000  30723.400   1568.195   3265.030      0.000
    25.000     25.000     90.000  30723.400   1529.280   3271.535     -0.001
    30.000     30.000     90.000  30723.400   1459.240   3281.935     -0.001
    35.000     35.000     90.000  30723.400   1428.110   3289.125      0.003
    40.000     40.000     90.000  30723.400   1373.630   3298.000     -0.000
    45.000     45.000     90.000  30723.400   1334.720   3303.205      0.004
    50.000     50.000     90.000  30723.400   1280.240   3312.135      0.000
    55.000     55.000     90.000  30723.400   1225.760   3319.820      0.000
    60.000     60.000     90.000  30723.400   1210.195   3322.050      0.002
    65.000     65.000     90.000  30723.400   1194.630   3324.190      0.002
    70.000     70.000     90.000  30723.400   1186.850   3325.295      0.002
    75.000     75.000     90.000  30723.400   1155.720   3329.615      0.002
    80.000     80.000     90.000  30723.400   1124.590   3333.910      0.001
    85.000     85.000     90.000  30723.400   1132.370   3332.855      0.003
    90.000     90.000     90.000  30723.400   1109.020   3336.095      0.001
    95.000     95.000     90.000  30723.400   1077.890   3340.335      0.002
   100.000    100.000     90.000  30723.400   1046.760   3344.535      0.000
   105.000    105.000     90.000  30723.400   1023.410   3347.270      0.001
   110.000    110.000     90.000  30723.400   1000.065   3350.595      0.000
   115.000    115.000     90.000  30723.400    992.280   3351.875      0.002
   120.000    120.000     90.000  30723.400    968.935   3355.045      0.001
   125.000    125.000     90.000  30723.400    961.150   3356.075      0.001
   130.000    130.000     90.000  30723.400    922.240   3360.895      0.000
   135.000    135.000     90.000  30723.400    922.240   3360.895      0.002
   140.000    140.000     90.000  30723.400    961.150   3356.075      0.001
   145.000    145.000     90.000  30723.400    914.460   3361.940      0.000
   150.000    150.000     90.000  30723.400    914.460   3361.940      0.003
   155.000    155.000     90.000  30723.400    922.240   3360.895      0.003
   160.000    160.000     90.000  30723.400    937.805   3359.120      0.001
   165.000    165.000     90.000  30723.400    945.590   3358.140      0.000
   170.000    170.000     90.000  30723.400    945.590   3358.140      0.003
   175.000    175.000     90.000  30723.400    976.720   3353.995      0.001
   180.000    180.000     90.000  30723.400    968.935   3355.045      0.000
   185.000    185.000     90.000  30723.400    968.935   3355.045      0.001
   190.000    190.000     90.000  30723.400    992.280   3351.875      0.002
     0.000      0.000     85.000  29294.900   1669.370   3242.800      0.001
     5.000      5.000     85.000  29294.900   1653.800   3247.335      0.003
    10.000     10.000     85.000  29294.900   1614.890   3254.290      0.002
    15.000     15.000     85.000  29294.900   1560.410   3259.840     -0.002
    20.000     20.000     85.000  29294.900   1552.630   3263.090      0.005
    25.000     25.000     85.000  29294.900   1513.720   3271.265      0.000
    30.000     30.000     85.000  29294.900   1451.455   3279.090      0.005
    35.000     35.000     85.000  29294.900   1396.980   3289.475      0.001
    40.000     40.000     85.000  29294.900   1350.280   3295.860      0.004
    45.000     45.000     85.000  29294.900   1303.590   3303.370      0.003
    50.000     50.000     85.000  29294.900   1249.110   3311.295      0.001
    55.000     55.000     85.000  29294.900   1202.410   3317.985      0.002
    60.000     60.000     85.000  29294.900   1171.280   3322.405      0.000
    65.000     65.000     85.000  29294.900   1155.720   3324.595      0.000
    70.000     70.000     85.000  29294.900   1147.935   3325.690      0.002
    75.000     75.000     85.000  29294.900   1116.805   3330.080      0.000
    80.000     80.000     85.000  29294.900   1093.460   3333.320      0.001
    85.000     85.000     85.000  29294.900   1085.675   3334.400      0.000
    90.000     90.000     85.000  29294.900   1070.110   3336.545      0.002
    95.000     95.000     85.000  29294.900   1038.980   3340.380      0.003
   100.000    100.000     85.000  29294.900   1007.850   3345.065      0.000
   105.000    105.000     85.000  29294.900    992.280   3347.205      0.003
   110.000    110.000     85.000  29294.900    968.935   3350.395      0.002
   115.000    115.000     85.000  29294.900    953.370   3352.505      0.002
   120.000    120.000     85.000  29294.900    930.020   3355.435      0.001
   125.000    125.000     85.000  29294.900    914.460   3357.500      0.000
   130.000    130.000     85.000  29294.900    891.110   3360.875      0.002
   135.000    135.000     85.000  29294.900    883.330   3361.925      0.001
   140.000    140.000     85.000  29294.900    906.675   3358.785      0.000
   145.000    145.000     85.000  29294.900    883.330   3361.925      0.002
   150.000    150.000     85.000  29294.900    875.545   3362.965      0.003
   155.000    155.000     85.000  29294.900    883.330   3361.925      0.003
   160.000    160.000     85.000  29294.900    898.890   3359.830      0.003
   165.000    165.000     85.000  29294.900    906.675   3358.785      0.002
   170.000    170.000     85.000  29294.900    906.675   3358.785      0.002
   175.000    175.000     85.000  29294.900    930.020   3355.435      0.001
   180.000    180.000     85.000  29294.900    930.020   3355.435      0.002
   185.000    185.000     85.000  29294.900    930.020   3355.435      0.003
   190.000    190.000     85.000  29294.900    945.590   3353.405      0.002
     0.000      0.000     80.000  27152.100   1614.890   3241.315      0.000
     5.000      5.000     80.000  27152.100   1599.325   3244.870      0.003
    10.000     10.000     80.000  27152.100   1552.630   3251.845      0.002
    15.000     15.000     80.000  27152.100   1529.280   3256.265      0.003
    20.000     20.000     80.000  27152.100   1474.805   3263.165     -0.003
    25.000     25.000     80.000  27152.100   1443.670   3267.930      0.001
    30.000     30.000     80.000  27152.100   1396.980   3279.925      0.001
    35.000     35.000     80.000  27152.100   1334.720   3285.930      0.005
    40.000     40.000     80.000  27152.100   1295.805   3295.695      0.000
    45.000     45.000     80.000  27152.100   1249.110   3302.735      0.000
    50.000     50.000     80.000  27152.100   1210.195   3308.565      0.002
    55.000     55.000     80.000  27152.100   1155.720   3316.485      0.003
    60.000     60.000     80.000  27152.100   1132.370   3319.960      0.002
    65.000     65.000     80.000  27152.100   1109.020   3323.310      0.001
    70.000     70.000     80.000  27152.100   1101.240   3324.450      0.002
    75.000     75.000     80.000  27152.100   1070.110   3328.880      0.001
    80.000     80.000     80.000  27152.100   1046.760   3332.115      0.001
    85.000     85.000     80.000  27152.100   1038.980   3333.120      0.001
    90.000     90.000     80.000  27152.100   1015.630   3336.030      0.000
    95.000     95.000     80.000  27152.100    992.280   3339.380      0.003
   100.000    100.000     80.000  27152.100    961.150   3344.140      0.000
   105.000    105.000     80.000  27152.100    945.590   3346.270      0.003
   110.000    110.000     80.000  27152.100    922.240   3348.890      0.002
   115.000    115.000     80.000  27152.100    898.890   3351.825      0.001
   120.000    120.000     80.000  27152.100    883.330   3354.845      0.001
   125.000    125.000     80.000  27152.100    875.545   3355.935      0.001
   130.000    130.000     80.000  27152.100    844.410   3360.180      0.002
   135.000    135.000     80.000  27152.100    828.850   3362.025      0.001
   140.000    140.000     80.000  27152.100    867.760   3357.020      0.000
   145.000    145.000     80.000  27152.100    828.850   3362.025      0.002
   150.000    150.000     80.000  27152.100    821.065   3362.920      0.001
   155.000    155.000     80.000  27152.100    828.850   3362.025      0.001
   160.000    160.000     80.000  27152.100    852.195   3359.100      0.002
   165.000    165.000     80.000  27152.100    859.980   3358.060      0.002
   170.000    170.000     80.000  27152.100    852.195   3359.100      0.001
   175.000    175.000     80.000  27152.100    891.110   3353.470      0.003
   180.000    180.000     80.000  27152.100    875.545   3355.935      0.000
   185.000    185.000     80.000  27152.100    875.545   3355.935      0.001
   190.000    190.000     80.000  27152.100    898.890   3351.825      0.003
     0.000      0.000     75.000  25723.600   1583.760   3239.290      0.004
     5.000      5.000     75.000  25723.600   1544.850   3245.340      0.000
    10.000     10.000     75.000  25723.600   1521.500   3250.775      0.004
    15.000     15.000     75.000  25723.600   1490.370   3256.910      0.000
    20.000     20.000     75.000  25723.600   1443.670   3262.045      0.000
    25.000     25.000     75.000  25723.600   1420.325   3267.875      0.003
    30.000     30.000     75.000  25723.600   1342.500   3277.145      0.004
    35.000     35.000     75.000  25723.600   1311.370   3287.185      0.003
    40.000     40.000     75.000  25723.600   1256.890   3295.690      0.000
    45.000     45.000     75.000  25723.600   1217.980   3301.675      0.003
    50.000     50.000     75.000  25723.600   1171.280   3308.705      0.001
    55.000     55.000     75.000  25723.600   1124.590   3315.635      0.002
    60.000     60.000     75.000  25723.600   1093.460   3320.200      0.002
    65.000     65.000     75.000  25723.600   1070.110   3323.600      0.002
    70.000     70.000     75.000  25723.600   1054.540   3325.850      0.002
    75.000     75.000     75.000  25723.600   1031.195   3329.000      0.002
    80.000     80.000     75.000  25723.600   1007.850   3332.385      0.002
    85.000     85.000     75.000  25723.600   1000.065   3333.500      0.003
    90.000     90.000     75.000  25723.600    976.720   3336.995      0.001
    95.000     95.000     75.000  25723.600    953.370   3340.280      0.003
   100.000    100.000     75.000  25723.600    922.240   3344.250      0.001
   105.000    105.000     75.000  25723.600    906.675   3346.715      0.003
   110.000    110.000     75.000  25723.600    883.330   3350.095      0.001
   115.000    115.000     75.000  25723.600    867.760   3352.250      0.001
   120.000    120.000     75.000  25723.600    852.195   3354.405      0.003
   125.000    125.000     75.000  25723.600    836.630   3356.455      0.001
   130.000    130.000     75.000  25723.600    805.500   3360.730      0.000
   135.000    135.000     75.000  25723.600    797.720   3361.795      0.000
   140.000    140.000     75.000  25723.600    828.850   3357.500      0.002
   145.000    145.000     75.000  25723.600    797.720   3361.795      0.001
   150.000    150.000     75.000  25723.600    782.150   3363.405      0.000
   155.000    155.000     75.000  25723.600    797.720   3361.795      0.002
   160.000    160.000     75.000  25723.600    813.280   3359.410      0.002
   165.000    165.000     75.000  25723.600    821.065   3358.350      0.002
   170.000    170.000     75.000  25723.600    821.065   3358.350      0.002
   175.000    175.000     75.000  25723.600    844.410   3355.490      0.002
   180.000    180.000     75.000  25723.600    836.630   3356.455      0.001
   185.000    185.000     75.000  25723.600    836.630   3356.455      0.001
   190.000    190.000     75.000  25723.600    859.980   3353.320      0.003
     0.000      0.000     70.000  24295.100   1537.065   3239.795      0.001
     5.000      5.000     70.000  24295.100   1513.720   3245.015      0.000
    10.000     10.000     70.000  24295.100   1482.590   3250.905      0.003
    15.000     15.000     70.000  24295.100   1443.670   3255.435      0.002
    20.000     20.000     70.000  24295.100   1420.325   3260.870      0.003
    25.000     25.000     70.000  24295.100   1389.195   3267.520      0.003
    30.000     30.000     70.000  24295.100   1319.150   3278.720      0.003
    35.000     35.000     70.000  24295.100   1264.675   3288.275      0.001
    40.000     40.000     70.000  24295.100   1217.980   3295.655      0.001
    45.000     45.000     70.000  24295.100   1179.065   3301.700      0.003
    50.000     50.000     70.000  24295.100   1140.150   3307.665      0.003
    55.000     55.000     70.000  24295.100   1085.675   3315.835      0.002
    60.000     60.000     70.000  24295.100   1038.980   3321.130     -0.001
    65.000     65.000     70.000  24295.100   1007.850   3325.875     -0.004
    70.000     70.000     70.000  24295.100   1000.065   3326.020      0.001
    75.000     75.000     70.000  24295.100    992.280   3328.130      0.005
    80.000     80.000     70.000  24295.100    968.935   3332.970      0.002
    85.000     85.000     70.000  24295.100    953.370   3335.195      0.000
    90.000     90.000     70.000  24295.100    930.020   3337.055      0.001
    95.000     95.000     70.000  24295.100    898.890   3341.100      0.001
   100.000    100.000     70.000  24295.100    883.330   3344.995      0.001
   105.000    105.000     70.000  24295.100    867.760   3347.385      0.001
   110.000    110.000     70.000  24295.100    836.630   3350.950     -0.001
   115.000    115.000     70.000  24295.100    828.850   3351.660      0.002
   120.000    120.000     70.000  24295.100    805.500   3355.185      0.000
   125.000    125.000     70.000  24295.100    805.500   3355.185      0.002
