#x(km) y(km) depth(km) Pressure(bar) Temperature(oC) Density(kg/m3) Vs_diff(km/s)
     0.000      0.000    400.000 137148.000   1474.805   3620.625      0.009
     5.000      5.000    400.000 137148.000   1474.805   3620.625      0.012
    10.000     10.000    400.000 137148.000   1467.020   3627.625      0.004
    15.000     15.000    400.000 137148.000   1467.020   3627.625      0.001
    20.000     20.000    400.000 137148.000   1474.805   3620.625      0.015
    25.000     25.000    400.000 137148.000   1467.020   3627.625      0.002
    30.000     30.000    400.000 137148.000   1467.020   3627.625      0.003
    35.000     35.000    400.000 137148.000   1467.020   3627.625      0.009
    40.000     40.000    400.000 137148.000   1467.020   3627.625      0.012
    45.000     45.000    400.000 137148.000   1467.020   3627.625      0.012
    50.000     50.000    400.000 137148.000   1467.020   3627.625      0.005
    55.000     55.000    400.000 137148.000   1467.020   3627.625      0.007
    60.000     60.000    400.000 137148.000   1467.020   3627.625      0.010
    65.000     65.000    400.000 137148.000   1467.020   3627.625      0.015
    70.000     70.000    400.000 137148.000   1467.020   3627.625      0.012
    75.000     75.000    400.000 137148.000   1467.020   3627.625      0.015
    80.000     80.000    400.000 137148.000   1467.020   3627.625      0.012
    85.000     85.000    400.000 137148.000   1467.020   3627.625      0.015
    90.000     90.000    400.000 137148.000   1467.020   3627.625      0.011
    95.000     95.000    400.000 137148.000   1467.020   3627.625      0.015
   100.000    100.000    400.000 137148.000   1467.020   3627.625      0.014
   105.000    105.000    400.000 137148.000   1467.020   3627.625      0.015
   110.000    110.000    400.000 137148.000   1467.020   3627.625      0.019
   115.000    115.000    400.000 137148.000   1467.020   3627.625      0.016
   120.000    120.000    400.000 137148.000   1467.020   3627.625      0.023
   125.000    125.000    400.000 137148.000   1467.020   3627.625      0.023
   130.000    130.000    400.000 137148.000   1467.020   3627.625      0.015
   135.000    135.000    400.000 137148.000   1467.020   3627.625      0.025
   140.000    140.000    400.000 137148.000   1467.020   3627.625      0.023
   145.000    145.000    400.000 137148.000   1467.020   3627.625      0.017
   150.000    150.000    400.000 137148.000   1467.020   3627.625      0.020
   155.000    155.000    400.000 137148.000   1459.240   3642.660      0.002
   160.000    160.000    400.000 137148.000   1467.020   3627.625      0.030
   165.000    165.000    400.000 137148.000   1459.240   3642.660      0.006
   170.000    170.000    400.000 137148.000   1459.240   3642.660      0.010
   175.000    175.000    400.000 137148.000   1459.240   3642.660      0.008
   180.000    180.000    400.000 137148.000   1459.240   3642.660      0.020
   185.000    185.000    400.000 137148.000   1459.240   3642.660      0.037
   190.000    190.000    400.000 137148.000   1451.455   3662.350      0.005
     0.000      0.000    395.000 135005.000   1443.670   3615.410      0.001
     5.000      5.000    395.000 135005.000   1435.890   3616.080      0.002
    10.000     10.000    395.000 135005.000   1420.325   3617.195      0.003
    15.000     15.000    395.000 135005.000   1420.325   3617.195      0.001
    20.000     20.000    395.000 135005.000   1420.325   3617.195     -0.001
    25.000     25.000    395.000 135005.000   1420.325   3617.195     -0.000
    30.000     30.000    395.000 135005.000   1420.325   3617.195      0.003
    35.000     35.000    395.000 135005.000   1420.325   3617.195      0.008
    40.000     40.000    395.000 135005.000   1420.325   3617.195      0.010
    45.000     45.000    395.000 135005.000   1420.325   3617.195      0.010
    50.000     50.000    395.000 135005.000   1420.325   3617.195      0.008
    55.000     55.000    395.000 135005.000   1420.325   3617.195      0.010
    60.000     60.000    395.000 135005.000   1420.325   3617.195      0.012
    65.000     65.000    395.000 135005.000   1420.325   3617.195      0.016
    70.000     70.000    395.000 135005.000   1420.325   3617.195      0.013
    75.000     75.000    395.000 135005.000   1420.325   3617.195      0.013
    80.000     80.000    395.000 135005.000   1420.325   3617.195      0.011
    85.000     85.000    395.000 135005.000   1420.325   3617.195      0.012
    90.000     90.000    395.000 135005.000   1420.325   3617.195      0.011
    95.000     95.000    395.000 135005.000   1420.325   3617.195      0.012
   100.000    100.000    395.000 135005.000   1420.325   3617.195      0.011
   105.000    105.000    395.000 135005.000   1420.325   3617.195      0.012
   110.000    110.000    395.000 135005.000   1420.325   3617.195      0.013
   115.000    115.000    395.000 135005.000   1420.325   3617.195      0.013
   120.000    120.000    395.000 135005.000   1420.325   3617.195      0.016
   125.000    125.000    395.000 135005.000   1420.325   3617.195      0.016
   130.000    130.000    395.000 135005.000   1420.325   3617.195      0.014
   135.000    135.000    395.000 135005.000   1420.325   3617.195      0.016
   140.000    140.000    395.000 135005.000   1420.325   3617.195      0.014
   145.000    145.000    395.000 135005.000   1420.325   3617.195      0.013
   150.000    150.000    395.000 135005.000   1420.325   3617.195      0.016
   155.000    155.000    395.000 135005.000   1412.540   3624.465      0.006
   160.000    160.000    395.000 135005.000   1412.540   3624.465      0.007
   165.000    165.000    395.000 135005.000   1412.540   3624.465      0.012
   170.000    170.000    395.000 135005.000   1412.540   3624.465      0.017
   175.000    175.000    395.000 135005.000   1412.540   3624.465      0.019
   180.000    180.000    395.000 135005.000   1412.540   3624.465      0.025
   185.000    185.000    395.000 135005.000   1412.540   3624.465      0.035
   190.000    190.000    395.000 135005.000   1404.760   3640.175      0.006
     0.000      0.000    390.000 133577.000   1459.240   3610.625      0.001
     5.000      5.000    390.000 133577.000   1451.455   3611.355      0.001
    10.000     10.000    390.000 133577.000   1428.110   3612.995      0.000
    15.000     15.000    390.000 133577.000   1443.670   3612.040      0.001
    20.000     20.000    390.000 133577.000   1451.455   3611.355      0.002
    25.000     25.000    390.000 133577.000   1459.240   3610.625      0.002
    30.000     30.000    390.000 133577.000   1435.890   3612.595      0.001
    35.000     35.000    390.000 133577.000   1420.325   3613.550      0.002
    40.000     40.000    390.000 133577.000   1412.540   3614.230      0.001
    45.000     45.000    390.000 133577.000   1412.540   3614.230      0.002
    50.000     50.000    390.000 133577.000   1412.540   3614.230      0.001
    55.000     55.000    390.000 133577.000   1404.760   3615.090      0.001
    60.000     60.000    390.000 133577.000   1404.760   3615.090      0.002
    65.000     65.000    390.000 133577.000   1389.195   3616.600      0.002
    70.000     70.000    390.000 133577.000   1396.980   3615.910      0.001
    75.000     75.000    390.000 133577.000   1404.760   3615.090      0.002
    80.000     80.000    390.000 133577.000   1412.540   3614.230      0.002
    85.000     85.000    390.000 133577.000   1404.760   3615.090      0.000
    90.000     90.000    390.000 133577.000   1412.540   3614.230      0.003
    95.000     95.000    390.000 133577.000   1412.540   3614.230      0.002
   100.000    100.000    390.000 133577.000   1412.540   3614.230      0.002
   105.000    105.000    390.000 133577.000   1412.540   3614.230      0.002
   110.000    110.000    390.000 133577.000   1412.540   3614.230      0.003
   115.000    115.000    390.000 133577.000   1412.540   3614.230      0.002
   120.000    120.000    390.000 133577.000   1404.760   3615.090      0.001
   125.000    125.000    390.000 133577.000   1404.760   3615.090      0.001
   130.000    130.000    390.000 133577.000   1404.760   3615.090      0.002
   135.000    135.000    390.000 133577.000   1412.540   3614.230      0.003
   140.000    140.000    390.000 133577.000   1412.540   3614.230      0.000
   145.000    145.000    390.000 133577.000   1404.760   3615.090      0.000
   150.000    150.000    390.000 133577.000   1404.760   3615.090      0.002
   155.000    155.000    390.000 133577.000   1389.195   3616.600      0.000
   160.000    160.000    390.000 133577.000   1389.195   3616.600      0.004
   165.000    165.000    390.000 133577.000   1389.195   3616.600      0.006
   170.000    170.000    390.000 133577.000   1389.195   3616.600      0.011
   175.000    175.000    390.000 133577.000   1389.195   3616.600      0.015
   180.000    180.000    390.000 133577.000   1389.195   3616.600      0.018
   185.000    185.000    390.000 133577.000   1373.630   3637.305     -0.025
   190.000    190.000    390.000 133577.000   1373.630   3637.305     -0.023
     0.000      0.000    385.000 131434.000   1474.805   3603.955      0.002
     5.000      5.000    385.000 131434.000   1459.240   3605.210      0.001
    10.000     10.000    385.000 131434.000   1443.670   3606.570      0.001
    15.000     15.000    385.000 131434.000   1451.455   3605.925      0.001
    20.000     20.000    385.000 131434.000   1459.240   3605.210      0.001
    25.000     25.000    385.000 131434.000   1459.240   3605.210      0.000
    30.000     30.000    385.000 131434.000   1443.670   3606.570      0.001
    35.000     35.000    385.000 131434.000   1428.110   3607.720      0.002
    40.000     40.000    385.000 131434.000   1420.325   3608.290      0.002
    45.000     45.000    385.000 131434.000   1412.540   3609.110      0.000
    50.000     50.000    385.000 131434.000   1412.540   3609.110      0.001
    55.000     55.000    385.000 131434.000   1404.760   3609.800      0.001
    60.000     60.000    385.000 131434.000   1396.980   3610.370      0.002
    65.000     65.000    385.000 131434.000   1381.410   3611.575      0.001
    70.000     70.000    385.000 131434.000   1389.195   3610.890      0.001
    75.000     75.000    385.000 131434.000   1396.980   3610.370      0.001
    80.000     80.000    385.000 131434.000   1404.760   3609.800      0.001
    85.000     85.000    385.000 131434.000   1404.760   3609.800      0.001
    90.000     90.000    385.000 131434.000   1404.760   3609.800      0.001
    95.000     95.000    385.000 131434.000   1412.540   3609.110      0.002
   100.000    100.000    385.000 131434.000   1412.540   3609.110      0.002
   105.000    105.000    385.000 131434.000   1412.540   3609.110      0.002
   110.000    110.000    385.000 131434.000   1404.760   3609.800      0.000
   115.000    115.000    385.000 131434.000   1404.760   3609.800      0.001
   120.000    120.000    385.000 131434.000   1404.760   3609.800      0.002
   125.000    125.000    385.000 131434.000   1396.980   3610.370      0.000
   130.000    130.000    385.000 131434.000   1396.980   3610.370      0.001
   135.000    135.000    385.000 131434.000   1404.760   3609.800      0.001
   140.000    140.000    385.000 131434.000   1412.540   3609.110      0.001
   145.000    145.000    385.000 131434.000   1404.760   3609.800      0.001
   150.000    150.000    385.000 131434.000   1396.980   3610.370      0.001
   155.000    155.000    385.000 131434.000   1389.195   3610.890      0.001
   160.000    160.000    385.000 131434.000   1381.410   3611.575      0.002
   165.000    165.000    385.000 131434.000   1373.630   3612.250      0.002
   170.000    170.000    385.000 131434.000   1350.280   3614.170      0.000
   175.000    175.000    385.000 131434.000   1342.500   3614.785      0.002
   180.000    180.000    385.000 131434.000   1334.720   3615.490      0.002
   185.000    185.000    385.000 131434.000   1334.720   3615.490      0.005
   190.000    190.000    385.000 131434.000   1334.720   3615.490      0.007
     0.000      0.000    380.000 129291.000   1474.805   3598.530      0.002
     5.000      5.000    380.000 129291.000   1467.020   3599.160      0.001
    10.000     10.000    380.000 129291.000   1443.670   3601.210      0.001
    15.000     15.000    380.000 129291.000   1459.240   3599.875      0.002
    20.000     20.000    380.000 129291.000   1467.020   3599.160      0.002
    25.000     25.000    380.000 129291.000   1467.020   3599.160      0.002
    30.000     30.000    380.000 129291.000   1443.670   3601.210      0.000
    35.000     35.000    380.000 129291.000   1420.325   3602.945      0.000
    40.000     40.000    380.000 129291.000   1412.540   3603.610      0.000
    45.000     45.000    380.000 129291.000   1412.540   3603.610      0.001
    50.000     50.000    380.000 129291.000   1412.540   3603.610      0.001
    55.000     55.000    380.000 129291.000   1396.980   3604.890      0.001
    60.000     60.000    380.000 129291.000   1389.195   3605.590      0.001
    65.000     65.000    380.000 129291.000   1373.630   3606.770      0.003
    70.000     70.000    380.000 129291.000   1381.410   3606.150      0.001
    75.000     75.000    380.000 129291.000   1381.410   3606.150      0.000
    80.000     80.000    380.000 129291.000   1396.980   3604.890      0.001
    85.000     85.000    380.000 129291.000   1396.980   3604.890      0.002
    90.000     90.000    380.000 129291.000   1396.980   3604.890      0.002
    95.000     95.000    380.000 129291.000   1396.980   3604.890      0.001
   100.000    100.000    380.000 129291.000   1396.980   3604.890      0.001
   105.000    105.000    380.000 129291.000   1396.980   3604.890      0.001
   110.000    110.000    380.000 129291.000   1396.980   3604.890      0.002
   115.000    115.000    380.000 129291.000   1396.980   3604.890      0.002
   120.000    120.000    380.000 129291.000   1389.195   3605.590      0.001
   125.000    125.000    380.000 129291.000   1389.195   3605.590      0.001
   130.000    130.000    380.000 129291.000   1381.410   3606.150      0.001
   135.000    135.000    380.000 129291.000   1389.195   3605.590      0.001
   140.000    140.000    380.000 129291.000   1396.980   3604.890      0.000
   145.000    145.000    380.000 129291.000   1389.195   3605.590      0.001
   150.000    150.000    380.000 129291.000   1381.410   3606.150      0.001
   155.000    155.000    380.000 129291.000   1373.630   3606.770      0.001
   160.000    160.000    380.000 129291.000   1365.850   3607.675      0.001
   165.000    165.000    380.000 129291.000   1358.065   3608.375      0.001
   170.000    170.000    380.000 129291.000   1342.500   3609.540      0.002
   175.000    175.000    380.000 129291.000   1326.935   3610.915      0.001
   180.000    180.000    380.000 129291.000   1319.150   3611.555      0.001
   185.000    185.000    380.000 129291.000   1303.590   3612.940      0.000
   190.000    190.000    380.000 129291.000   1295.805   3613.690      0.000
     0.000      0.000    375.000 127863.000   1474.805   3594.915      0.000
     5.000      5.000    375.000 127863.000   1467.020   3595.665      0.001
    10.000     10.000    375.000 127863.000   1451.455   3596.835      0.002
    15.000     15.000    375.000 127863.000   1459.240   3596.290      0.001
    20.000     20.000    375.000 127863.000   1467.020   3595.665      0.001
    25.000     25.000    375.000 127863.000   1467.020   3595.665      0.002
    30.000     30.000    375.000 127863.000   1443.670   3597.470      0.000
    35.000     35.000    375.000 127863.000   1428.110   3598.765      0.001
    40.000     40.000    375.000 127863.000   1420.325   3599.340      0.002
    45.000     45.000    375.000 127863.000   1412.540   3599.935      0.001
    50.000     50.000    375.000 127863.000   1412.540   3599.935      0.002
    55.000     55.000    375.000 127863.000   1396.980   3601.340      0.001
    60.000     60.000    375.000 127863.000   1389.195   3602.040      0.002
    65.000     65.000    375.000 127863.000   1373.630   3603.315      0.002
    70.000     70.000    375.000 127863.000   1373.630   3603.315      0.000
    75.000     75.000    375.000 127863.000   1381.410   3602.725      0.000
    80.000     80.000    375.000 127863.000   1396.980   3601.340      0.002
    85.000     85.000    375.000 127863.000   1389.195   3602.040      0.001
    90.000     90.000    375.000 127863.000   1389.195   3602.040      0.001
    95.000     95.000    375.000 127863.000   1396.980   3601.340      0.002
   100.000    100.000    375.000 127863.000   1396.980   3601.340      0.002
   105.000    105.000    375.000 127863.000   1389.195   3602.040      0.000
   110.000    110.000    375.000 127863.000   1389.195   3602.040      0.001
   115.000    115.000    375.000 127863.000   1389.195   3602.040      0.001
   120.000    120.000    375.000 127863.000   1389.195   3602.040      0.002
   125.000    125.000    375.000 127863.000   1381.410   3602.725      0.000
   130.000    130.000    375.000 127863.000   1381.410   3602.725      0.002
   135.000    135.000    375.000 127863.000   1389.195   3602.040      0.002
   140.000    140.000    375.000 127863.000   1396.980   3601.340      0.002
   145.000    145.000    375.000 127863.000   1389.195   3602.040      0.002
   150.000    150.000    375.000 127863.000   1381.410   3602.725      0.001
   155.000    155.000    375.000 127863.000   1373.630   3603.315      0.001
   160.000    160.000    375.000 127863.000   1365.850   3604.105      0.001
   165.000    165.000    375.000 127863.000   1358.065   3604.785      0.001
   170.000    170.000    375.000 127863.000   1342.500   3606.040      0.002
   175.000    175.000    375.000 127863.000   1326.935   3607.395      0.001
   180.000    180.000    375.000 127863.000   1319.150   3608.000      0.002
   185.000    185.000    375.000 127863.000   1303.590   3609.445      0.000
   190.000    190.000    375.000 127863.000   1295.805   3610.165      0.000
     0.000      0.000    370.000 125720.000   1467.020   3590.105      0.001
     5.000      5.000    370.000 125720.000   1459.240   3590.650      0.000
    10.000     10.000    370.000 125720.000   1443.670   3592.100      0.002
    15.000     15.000    370.000 125720.000   1451.455   3591.355      0.001
    20.000     20.000    370.000 125720.000   1459.240   3590.650      0.001
    25.000     25.000    370.000 125720.000   1459.240   3590.650      0.001
    30.000     30.000    370.000 125720.000   1443.670   3592.100      0.002
    35.000     35.000    370.000 125720.000   1420.325   3593.885      0.002
    40.000     40.000    370.000 125720.000   1412.540   3594.415      0.002
    45.000     45.000    370.000 125720.000   1404.760   3595.120      0.001
    50.000     50.000    370.000 125720.000   1404.760   3595.120      0.001
    55.000     55.000    370.000 125720.000   1389.195   3596.475      0.001
    60.000     60.000    370.000 125720.000   1381.410   3597.280      0.002
    65.000     65.000    370.000 125720.000   1358.065   3599.450      0.001
    70.000     70.000    370.000 125720.000   1373.630   3598.065      0.002
    75.000     75.000    370.000 125720.000   1373.630   3598.065      0.001
    80.000     80.000    370.000 125720.000   1381.410   3597.280      0.000
    85.000     85.000    370.000 125720.000   1381.410   3597.280      0.002
    90.000     90.000    370.000 125720.000   1381.410   3597.280      0.002
    95.000     95.000    370.000 125720.000   1381.410   3597.280      0.001
   100.000    100.000    370.000 125720.000   1381.410   3597.280      0.000
   105.000    105.000    370.000 125720.000   1381.410   3597.280      0.001
   110.000    110.000    370.000 125720.000   1381.410   3597.280      0.002
   115.000    115.000    370.000 125720.000   1381.410   3597.280      0.002
   120.000    120.000    370.000 125720.000   1373.630   3598.065      0.000
   125.000    125.000    370.000 125720.000   1373.630   3598.065      0.000
