#x(km) y(km) depth(km) Pressure(bar) Temperature(oC) Density(kg/m3) Vs_diff(km/s)
    65.000     65.000     35.000  12152.700    758.805   3296.855      0.003
    70.000     70.000     35.000  12152.700    735.460   3299.815      0.003
    75.000     75.000     35.000  12152.700    719.892   3301.790      0.002
    80.000     80.000     35.000  12152.700    712.110   3302.775      0.002
    85.000     85.000     35.000  12152.700    688.762   3305.730      0.001
    90.000     90.000     35.000  12152.700    673.197   3307.690      0.002
    95.000     95.000     35.000  12152.700    657.631   3309.645      0.001
   100.000    100.000     35.000  12152.700    649.849   3310.620      0.002
   105.000    105.000     35.000  12152.700    642.066   3311.595      0.002
   110.000    110.000     35.000  12152.700    634.284   3312.570      0.001
   115.000    115.000     35.000  12152.700    634.284   3312.570      0.002
   120.000    120.000     35.000  12152.700    626.501   3313.545      0.001
   125.000    125.000     35.000  12152.700    626.501   3313.545      0.001
   130.000    130.000     35.000  12152.700    603.153   3316.455      0.000
   135.000    135.000     35.000  12152.700    595.370   3317.425      0.002
   140.000    140.000     35.000  12152.700    626.501   3313.545      0.002
   145.000    145.000     35.000  12152.700    603.153   3316.455      0.001
   150.000    150.000     35.000  12152.700    603.153   3316.455      0.003
   155.000    155.000     35.000  12152.700    610.936   3315.485      0.002
   160.000    160.000     35.000  12152.700    626.501   3313.545      0.001
   165.000    165.000     35.000  12152.700    626.501   3313.545      0.002
   170.000    170.000     35.000  12152.700    626.501   3313.545      0.000
   175.000    175.000     35.000  12152.700    649.849   3310.620      0.002
   180.000    180.000     35.000  12152.700    634.284   3312.570      0.000
   185.000    185.000     35.000  12152.700    626.501   3313.545      0.001
   190.000    190.000     35.000  12152.700    634.284   3312.570      0.001
     0.000      0.000     30.000  10724.200   1256.890   3227.825      0.003
     5.000      5.000     30.000  10724.200   1233.540   3231.260      0.003
    10.000     10.000     30.000  10724.200   1233.540   3231.260      0.001
    15.000     15.000     30.000  10724.200   1210.195   3234.270      0.002
    20.000     20.000     30.000  10724.200   1186.850   3237.285      0.003
    25.000     25.000     30.000  10724.200   1163.500   3240.325      0.000
    30.000     30.000     30.000  10724.200   1132.370   3244.385      0.003
    35.000     35.000     30.000  10724.200   1093.460   3249.455      0.002
    40.000     40.000     30.000  10724.200   1093.460   3249.455      0.002
    45.000     45.000     30.000  10724.200   1093.460   3249.455      0.002
    50.000     50.000     30.000  10724.200   1140.150   3243.375      0.001
    55.000     55.000     30.000  10724.200   1109.020   3247.425      0.002
    60.000     60.000     30.000  10724.200   1031.195   3257.555      0.002
    65.000     65.000     30.000  10724.200    766.590   3291.675      0.002
    70.000     70.000     30.000  10724.200    758.805   3292.665      0.003
    75.000     75.000     30.000  10724.200    743.240   3294.645      0.001
    80.000     80.000     30.000  10724.200    743.240   3294.645      0.002
    85.000     85.000     30.000  10724.200    719.892   3297.615      0.000
    90.000     90.000     30.000  10724.200    712.110   3298.605      0.002
    95.000     95.000     30.000  10724.200    704.327   3299.595      0.003
   100.000    100.000     30.000  10724.200    704.327   3299.595      0.002
   105.000    105.000     30.000  10724.200    696.544   3300.585      0.003
   110.000    110.000     30.000  10724.200    696.544   3300.585      0.002
   115.000    115.000     30.000  10724.200    696.544   3300.585      0.001
   120.000    120.000     30.000  10724.200    696.544   3300.585      0.001
   125.000    125.000     30.000  10724.200    696.544   3300.585      0.001
   130.000    130.000     30.000  10724.200    665.414   3304.530      0.003
   135.000    135.000     30.000  10724.200    634.284   3308.450      0.002
   140.000    140.000     30.000  10724.200    688.762   3301.570      0.002
   145.000    145.000     30.000  10724.200    657.631   3305.510      0.001
   150.000    150.000     30.000  10724.200    657.631   3305.510      0.001
   155.000    155.000     30.000  10724.200    680.979   3302.555      0.002
   160.000    160.000     30.000  10724.200    719.892   3297.615      0.003
   165.000    165.000     30.000  10724.200    719.892   3297.615      0.002
   170.000    170.000     30.000  10724.200    751.020   3293.655      0.002
   175.000    175.000     30.000  10724.200    789.935   3288.685      0.001
   180.000    180.000     30.000  10724.200    797.720   3287.690      0.002
   185.000    185.000     30.000  10724.200    821.065   3284.700      0.003
   190.000    190.000     30.000  10724.200    852.195   3280.695      0.002
     0.000      0.000     25.000   8581.400   1365.850   3190.620      0.004
     5.000      5.000     25.000   8581.400   1350.280   3192.125      0.000
    10.000     10.000     25.000   8581.400   1365.850   3190.620      0.001
    15.000     15.000     25.000   8581.400   1358.065   3191.990      0.002
    20.000     20.000     25.000   8581.400   1319.150   3196.945      0.001
    25.000     25.000     25.000   8581.400   1295.805   3200.260      0.002
    30.000     30.000     25.000   8581.400   1264.675   3204.670      0.001
    35.000     35.000     25.000   8581.400   1249.110   3206.400      0.001
    40.000     40.000     25.000   8581.400   1256.890   3205.770      0.002
    45.000     45.000     25.000   8581.400   1272.460   3203.570      0.002
    50.000     50.000     25.000   8581.400   1334.720   3193.995      0.001
    55.000     55.000     25.000   8581.400   1272.460   3203.570      0.001
    60.000     60.000     25.000   8581.400   1132.370   3223.030      0.003
    65.000     65.000     25.000   8581.400    883.330   3270.245      0.000
    70.000     70.000     25.000   8581.400    828.850   3277.300      0.001
    75.000     75.000     25.000   8581.400    828.850   3277.300      0.001
    80.000     80.000     25.000   8581.400    836.630   3276.290      0.002
    85.000     85.000     25.000   8581.400    805.500   3280.320      0.001
    90.000     90.000     25.000   8581.400    789.935   3282.325      0.001
    95.000     95.000     25.000   8581.400    789.935   3282.325      0.001
   100.000    100.000     25.000   8581.400    789.935   3282.325      0.002
   105.000    105.000     25.000   8581.400    766.590   3285.335      0.001
   110.000    110.000     25.000   8581.400    766.590   3285.335      0.001
   115.000    115.000     25.000   8581.400    751.020   3287.330      0.002
   120.000    120.000     25.000   8581.400    735.460   3289.330      0.002
   125.000    125.000     25.000   8581.400    704.327   3293.310      0.001
   130.000    130.000     25.000   8581.400    642.066   3301.240      0.002
   135.000    135.000     25.000   8581.400    595.370   3307.140      0.002
   140.000    140.000     25.000   8581.400    626.501   3303.185      0.000
   145.000    145.000     25.000   8581.400    587.588   3308.120      0.001
   150.000    150.000     25.000   8581.400    579.805   3309.100      0.002
   155.000    155.000     25.000   8581.400    610.936   3305.175      0.001
   160.000    160.000     25.000   8581.400    657.631   3299.265      0.002
   165.000    165.000     25.000   8581.400    680.979   3296.295      0.002
   170.000    170.000     25.000   8581.400    774.370   3284.330      0.001
   175.000    175.000     25.000   8581.400    852.195   3274.275      0.001
   180.000    180.000     25.000   8581.400    922.240   3265.195      0.001
   185.000    185.000     25.000   8581.400   1054.540   3238.615      0.004
   190.000    190.000     25.000   8581.400   1264.675   3204.670      0.003
     0.000      0.000     20.000   7152.880   1653.800   3138.440      0.003
     5.000      5.000     20.000   7152.880   1638.240   3140.380      0.000
    10.000     10.000     20.000   7152.880   1684.935   3134.400      0.003
    15.000     15.000     20.000   7152.880   1653.800   3138.440      0.000
    20.000     20.000     20.000   7152.880   1622.670   3142.490      0.001
    25.000     25.000     20.000   7152.880   1583.760   3147.820      0.005
    30.000     30.000     20.000   7152.880   1575.980   3150.915      0.006
    35.000     35.000     20.000   7152.880   1568.195   3153.775      0.002
    40.000     40.000     20.000   7152.880   1575.980   3150.915      0.003
    45.000     45.000     20.000   7152.880   1575.980   3150.915      0.001
    50.000     50.000     20.000   7152.880   1661.585   3137.425      0.001
    55.000     55.000     20.000   7152.880   1575.980   3150.915      0.006
    60.000     60.000     20.000   7152.880   1373.630   3178.205      0.002
    65.000     65.000     20.000   7152.880    914.460   3236.945      0.002
    70.000     70.000     20.000   7152.880    898.890   3240.470      0.004
    75.000     75.000     20.000   7152.880    906.675   3238.425      0.004
    80.000     80.000     20.000   7152.880    906.675   3238.425      0.001
    85.000     85.000     20.000   7152.880    875.545   3252.510      0.002
    90.000     90.000     20.000   7152.880    859.980   3257.055      0.002
    95.000     95.000     20.000   7152.880    867.760   3255.935      0.000
   100.000    100.000     20.000   7152.880    883.330   3248.520      0.006
   105.000    105.000     20.000   7152.880    859.980   3257.055      0.001
   110.000    110.000     20.000   7152.880    883.330   3248.520      0.003
   115.000    115.000     20.000   7152.880    875.545   3252.510      0.001
   120.000    120.000     20.000   7152.880    883.330   3248.520      0.007
   125.000    125.000     20.000   7152.880    867.760   3255.935      0.002
   130.000    130.000     20.000   7152.880    805.500   3272.230      0.000
   135.000    135.000     20.000   7152.880    743.240   3284.105      0.001
   140.000    140.000     20.000   7152.880    813.280   3269.885      0.003
   145.000    145.000     20.000   7152.880    782.150   3276.605      0.001
   150.000    150.000     20.000   7152.880    797.720   3273.795      0.000
   155.000    155.000     20.000   7152.880    859.980   3257.055      0.000
   160.000    160.000     20.000   7152.880    906.675   3238.425      0.003
   165.000    165.000     20.000   7152.880    937.805   3238.910     -0.000
   170.000    170.000     20.000   7152.880   1116.805   3208.660      0.001
   175.000    175.000     20.000   7152.880   1233.540   3194.065      0.001
   180.000    180.000     20.000   7152.880   1373.630   3178.205      0.002
   185.000    185.000     20.000   7152.880   1669.370   3136.365      0.001
   190.000    190.000     20.000   7152.880   2081.845   3083.425      0.002
     0.000      0.000     15.000   4295.840   2074.060   3064.505     -0.000
     5.000      5.000     15.000   4295.840   2089.630   3062.400      0.002
    10.000     10.000     15.000   4295.840   2120.760   3056.930      0.001
    15.000     15.000     15.000   4295.840   2089.630   3062.400      0.003
    20.000     20.000     15.000   4295.840   2019.585   3070.110      0.001
    25.000     25.000     15.000   4295.840   1933.980   3081.180      0.003
    30.000     30.000     15.000   4295.840   1902.850   3085.125      0.001
    35.000     35.000     15.000   4295.840   1926.195   3082.175      0.001
    40.000     40.000     15.000   4295.840   1941.760   3080.185      0.002
    45.000     45.000     15.000   4295.840   1949.540   3079.190      0.001
    50.000     50.000     15.000   4295.840   2027.370   3069.090      0.002
    55.000     55.000     15.000   4295.840   1863.930   3089.990      0.001
    60.000     60.000     15.000   4295.840   1537.065   3129.760      0.003
    65.000     65.000     15.000   4295.840   1093.460   3179.850      0.000
    70.000     70.000     15.000   4295.840   1031.195   3186.735      0.003
    75.000     75.000     15.000   4295.840   1054.540   3184.045      0.003
    80.000     80.000     15.000   4295.840   1031.195   3186.735     -0.003
    85.000     85.000     15.000   4295.840    859.980   3207.790     -0.001
    90.000     90.000     15.000   4295.840    797.720   3213.585     -0.000
    95.000     95.000     15.000   4295.840    852.195   3208.275      0.003
   100.000    100.000     15.000   4295.840    930.020   3197.425      0.001
   105.000    105.000     15.000   4295.840    984.500   3191.735      0.001
   110.000    110.000     15.000   4295.840   1147.935   3174.155      0.002
   115.000    115.000     15.000   4295.840   1241.325   3163.850      0.001
   120.000    120.000     15.000   4295.840   1334.720   3153.195      0.000
   125.000    125.000     15.000   4295.840   1428.110   3142.510      0.001
   130.000    130.000     15.000   4295.840   1358.065   3150.685     -0.002
   135.000    135.000     15.000   4295.840   1194.630   3169.005      0.001
   140.000    140.000     15.000   4295.840   1334.720   3153.195      0.001
   145.000    145.000     15.000   4295.840   1490.370   3135.340      0.004
   150.000    150.000     15.000   4295.840   1684.935   3112.065      0.001
   155.000    155.000     15.000   4295.840   1918.410   3083.165      0.003
   160.000    160.000     15.000   4295.840   2089.630   3062.400      0.002
   165.000    165.000     15.000   4295.840   2136.325   3054.815      0.000
   170.000    170.000     15.000   4295.840   2323.110   3030.570     -0.003
   175.000    175.000     15.000   4295.840   2323.110   3030.570     -0.036
   180.000    180.000     15.000   4295.840   2323.110   3030.570     -0.134
   185.000    185.000     15.000   4295.840   2323.110   3030.570     -0.246
   190.000    190.000     15.000   4295.840   2323.110   3030.570     -0.338
     0.000      0.000     10.000   2867.320   2323.110   3022.090     -0.105
     5.000      5.000     10.000   2867.320   2323.110   3022.090     -0.110
    10.000     10.000     10.000   2867.320   2323.110   3022.090     -0.138
    15.000     15.000     10.000   2867.320   2323.110   3022.090     -0.106
    20.000     20.000     10.000   2867.320   2323.110   3022.090     -0.078
    25.000     25.000     10.000   2867.320   2323.110   3022.090     -0.019
    30.000     30.000     10.000   2867.320   2323.110   3022.090     -0.012
    35.000     35.000     10.000   2867.320   2323.110   3022.090     -0.038
    40.000     40.000     10.000   2867.320   2323.110   3022.090     -0.039
    45.000     45.000     10.000   2867.320   2323.110   3022.090     -0.031
    50.000     50.000     10.000   2867.320   2323.110   3022.090     -0.087
    55.000     55.000     10.000   2867.320   2323.110   3022.090     -0.002
    60.000     60.000     10.000   2867.320   1965.110   3068.170      0.003
    65.000     65.000     10.000   2867.320   1575.980   3119.345      0.001
    70.000     70.000     10.000   2867.320   1583.760   3116.525      0.004
    75.000     75.000     10.000   2867.320   1607.110   3111.965      0.003
    80.000     80.000     10.000   2867.320   1638.240   3108.255      0.002
    85.000     85.000     10.000   2867.320   1311.370   3146.130     -0.003
    90.000     90.000     10.000   2867.320   1272.460   3150.475      0.001
    95.000     95.000     10.000   2867.320   1373.630   3144.465      0.001
   100.000    100.000     10.000   2867.320   1513.720   3122.935      0.003
   105.000    105.000     10.000   2867.320   1591.540   3113.835      0.003
   110.000    110.000     10.000   2867.320   1848.370   3082.905      0.001
   115.000    115.000     10.000   2867.320   1996.240   3064.445      0.001
   120.000    120.000     10.000   2867.320   2144.110   3044.960      0.003
   125.000    125.000     10.000   2867.320   2323.110   3022.090     -0.008
   130.000    130.000     10.000   2867.320   2323.110   3022.090     -0.004
   135.000    135.000     10.000   2867.320   2058.500   3056.145      0.003
   140.000    140.000     10.000   2867.320   2268.630   3029.865      0.002
   145.000    145.000     10.000   2867.320   2323.110   3022.090     -0.072
   150.000    150.000     10.000   2867.320   2323.110   3022.090     -0.202
   155.000    155.000     10.000   2867.320   2323.110   3022.090     -0.331
   160.000    160.000     10.000   2867.320   2323.110   3022.090     -0.429
   165.000    165.000     10.000   2867.320   2323.110   3022.090     -0.421
   170.000    170.000     10.000   2867.320   2323.110   3022.090     -0.537
   175.000    175.000     10.000   2867.320   2323.110   3022.090     -0.510
   180.000    180.000     10.000   2867.320   2323.110   3022.090     -0.652
   185.000    185.000     10.000   2867.320   2323.110   3022.090     -0.736
   190.000    190.000     10.000   2867.320   2323.110   3022.090     -0.729
     0.000      0.000      5.000   1438.800   2323.110   3013.710     -0.310
     5.000      5.000      5.000   1438.800   2323.110   3013.710     -0.316
    10.000     10.000      5.000   1438.800   2323.110   3013.710     -0.332
    15.000     15.000      5.000   1438.800   2323.110   3013.710     -0.316
    20.000     20.000      5.000   1438.800   2323.110   3013.710     -0.295
    25.000     25.000      5.000   1438.800   2323.110   3013.710     -0.257
    30.000     30.000      5.000   1438.800   2323.110   3013.710     -0.251
    35.000     35.000      5.000   1438.800   2323.110   3013.710     -0.271
    40.000     40.000      5.000   1438.800   2323.110   3013.710     -0.275
    45.000     45.000      5.000   1438.800   2323.110   3013.710     -0.275
    50.000     50.000      5.000   1438.800   2323.110   3013.710     -0.295
    55.000     55.000      5.000   1438.800   2323.110   3013.710     -0.243
    60.000     60.000      5.000   1438.800   2323.110   3013.710     -0.155
    65.000     65.000      5.000   1438.800   2323.110   3013.710     -0.078
    70.000     70.000      5.000   1438.800   2323.110   3013.710     -0.070
    75.000     75.000      5.000   1438.800   2323.110   3013.710     -0.076
    80.000     80.000      5.000   1438.800   2323.110   3013.710     -0.072
    85.000     85.000      5.000   1438.800   2323.110   3013.710     -0.025
    90.000     90.000      5.000   1438.800   2323.110   3013.710     -0.017
    95.000     95.000      5.000   1438.800   2323.110   3013.710     -0.045
   100.000    100.000      5.000   1438.800   2323.110   3013.710     -0.090
   105.000    105.000      5.000   1438.800   2323.110   3013.710     -0.129
   110.000    110.000      5.000   1438.800   2323.110   3013.710     -0.197
   115.000    115.000      5.000   1438.800   2323.110   3013.710     -0.255
   120.000    120.000      5.000   1438.800   2323.110   3013.710     -0.319
   125.000    125.000      5.000   1438.800   2323.110   3013.710     -0.386
   130.000    130.000      5.000   1438.800   2323.110   3013.710     -0.394
   135.000    135.000      5.000   1438.800   2323.110   3013.710     -0.340
   140.000    140.000      5.000   1438.800   2323.110   3013.710     -0.377
   145.000    145.000      5.000   1438.800   2323.110   3013.710     -0.454
   150.000    150.000      5.000   1438.800   2323.110   3013.710     -0.553
   155.000    155.000      5.000   1438.800   2323.110   3013.710     -0.634
   160.000    160.000      5.000   1438.800   2323.110   3013.710     -0.684
   165.000    165.000      5.000   1438.800   2323.110   3013.710     -0.683
   170.000    170.000      5.000   1438.800   2323.110   3013.710     -0.735
   175.000    175.000      5.000   1438.800   2323.110   3013.710     -0.727
   180.000    180.000      5.000   1438.800   2323.110   3013.710     -0.791
   185.000    185.000      5.000   1438.800   2323.110   3013.710     -0.831
   190.000    190.000      5.000   1438.800   2323.110   3013.710     -0.819
