#x(km) y(km) depth(km) Pressure(bar) Temperature(oC) Density(kg/m3) Vs_diff(km/s)
   130.000    130.000    270.000  89292.700   1537.065   3465.055      0.003
   135.000    135.000    270.000  89292.700   1537.065   3465.055      0.002
   140.000    140.000    270.000  89292.700   1552.630   3463.780      0.000
   145.000    145.000    270.000  89292.700   1537.065   3465.055      0.001
   150.000    150.000    270.000  89292.700   1529.280   3465.775      0.000
   155.000    155.000    270.000  89292.700   1529.280   3465.775      0.002
   160.000    160.000    270.000  89292.700   1521.500   3466.445      0.000
   165.000    165.000    270.000  89292.700   1521.500   3466.445      0.002
   170.000    170.000    270.000  89292.700   1505.935   3467.910      0.003
   175.000    175.000    270.000  89292.700   1498.150   3468.655      0.001
   180.000    180.000    270.000  89292.700   1490.370   3469.400      0.002
   185.000    185.000    270.000  89292.700   1474.805   3471.010      0.001
   190.000    190.000    270.000  89292.700   1474.805   3471.010      0.002
     0.000      0.000    265.000  87864.200   1762.760   3439.050      0.001
     5.000      5.000    265.000  87864.200   1754.980   3439.480      0.000
    10.000     10.000    265.000  87864.200   1739.410   3440.685      0.001
    15.000     15.000    265.000  87864.200   1739.410   3440.685      0.001
    20.000     20.000    265.000  87864.200   1739.410   3440.685      0.001
    25.000     25.000    265.000  87864.200   1739.410   3440.685      0.002
    30.000     30.000    265.000  87864.200   1723.850   3442.120      0.002
    35.000     35.000    265.000  87864.200   1700.500   3444.385      0.003
    40.000     40.000    265.000  87864.200   1684.935   3445.890      0.001
    45.000     45.000    265.000  87864.200   1669.370   3447.510      0.000
    50.000     50.000    265.000  87864.200   1646.020   3449.805      0.000
    55.000     55.000    265.000  87864.200   1607.110   3453.545      0.002
    60.000     60.000    265.000  87864.200   1583.760   3455.825      0.002
    65.000     65.000    265.000  87864.200   1552.630   3459.070      0.001
    70.000     70.000    265.000  87864.200   1560.410   3458.335      0.002
    75.000     75.000    265.000  87864.200   1560.410   3458.335      0.001
    80.000     80.000    265.000  87864.200   1575.980   3456.765      0.002
    85.000     85.000    265.000  87864.200   1575.980   3456.765      0.001
    90.000     90.000    265.000  87864.200   1575.980   3456.765      0.001
    95.000     95.000    265.000  87864.200   1575.980   3456.765      0.001
   100.000    100.000    265.000  87864.200   1575.980   3456.765      0.002
   105.000    105.000    265.000  87864.200   1568.195   3457.595      0.000
   110.000    110.000    265.000  87864.200   1568.195   3457.595      0.001
   115.000    115.000    265.000  87864.200   1568.195   3457.595      0.002
   120.000    120.000    265.000  87864.200   1560.410   3458.335      0.000
   125.000    125.000    265.000  87864.200   1560.410   3458.335      0.001
   130.000    130.000    265.000  87864.200   1552.630   3459.070      0.001
   135.000    135.000    265.000  87864.200   1552.630   3459.070      0.000
   140.000    140.000    265.000  87864.200   1575.980   3456.765      0.002
   145.000    145.000    265.000  87864.200   1560.410   3458.335      0.001
   150.000    150.000    265.000  87864.200   1552.630   3459.070      0.002
   155.000    155.000    265.000  87864.200   1544.850   3459.830      0.001
   160.000    160.000    265.000  87864.200   1544.850   3459.830      0.002
   165.000    165.000    265.000  87864.200   1537.065   3460.570      0.001
   170.000    170.000    265.000  87864.200   1521.500   3461.915      0.001
   175.000    175.000    265.000  87864.200   1513.720   3462.625      0.001
   180.000    180.000    265.000  87864.200   1505.935   3463.380      0.001
   185.000    185.000    265.000  87864.200   1498.150   3464.135      0.002
   190.000    190.000    265.000  87864.200   1490.370   3464.900      0.001
     0.000      0.000    260.000  85721.400   1778.325   3430.195      0.000
     5.000      5.000    260.000  85721.400   1778.325   3430.195      0.002
    10.000     10.000    260.000  85721.400   1754.980   3432.355      0.002
    15.000     15.000    260.000  85721.400   1754.980   3432.355      0.001
    20.000     20.000    260.000  85721.400   1754.980   3432.355      0.001
    25.000     25.000    260.000  85721.400   1754.980   3432.355      0.001
    30.000     30.000    260.000  85721.400   1739.410   3433.860      0.002
    35.000     35.000    260.000  85721.400   1708.280   3436.785      0.001
    40.000     40.000    260.000  85721.400   1700.500   3437.535      0.002
    45.000     45.000    260.000  85721.400   1684.935   3439.050      0.001
    50.000     50.000    260.000  85721.400   1661.585   3441.380      0.000
    55.000     55.000    260.000  85721.400   1614.890   3445.940      0.002
    60.000     60.000    260.000  85721.400   1591.540   3448.210      0.000
    65.000     65.000    260.000  85721.400   1560.410   3451.475      0.001
    70.000     70.000    260.000  85721.400   1568.195   3450.795      0.001
    75.000     75.000    260.000  85721.400   1575.980   3449.860      0.003
    80.000     80.000    260.000  85721.400   1583.760   3448.980      0.001
    85.000     85.000    260.000  85721.400   1591.540   3448.210      0.002
    90.000     90.000    260.000  85721.400   1583.760   3448.980      0.000
    95.000     95.000    260.000  85721.400   1583.760   3448.980      0.000
   100.000    100.000    260.000  85721.400   1583.760   3448.980      0.001
   105.000    105.000    260.000  85721.400   1583.760   3448.980      0.002
   110.000    110.000    260.000  85721.400   1575.980   3449.860      0.000
   115.000    115.000    260.000  85721.400   1575.980   3449.860      0.001
   120.000    120.000    260.000  85721.400   1575.980   3449.860      0.002
   125.000    125.000    260.000  85721.400   1575.980   3449.860      0.002
   130.000    130.000    260.000  85721.400   1568.195   3450.795      0.002
   135.000    135.000    260.000  85721.400   1568.195   3450.795      0.001
   140.000    140.000    260.000  85721.400   1591.540   3448.210      0.002
   145.000    145.000    260.000  85721.400   1568.195   3450.795      0.000
   150.000    150.000    260.000  85721.400   1568.195   3450.795      0.002
   155.000    155.000    260.000  85721.400   1560.410   3451.475      0.002
   160.000    160.000    260.000  85721.400   1552.630   3452.255      0.000
   165.000    165.000    260.000  85721.400   1552.630   3452.255      0.002
   170.000    170.000    260.000  85721.400   1537.065   3453.850      0.002
   175.000    175.000    260.000  85721.400   1529.280   3454.480      0.001
   180.000    180.000    260.000  85721.400   1521.500   3455.155      0.002
   185.000    185.000    260.000  85721.400   1505.935   3456.685      0.001
   190.000    190.000    260.000  85721.400   1505.935   3456.685      0.002
     0.000      0.000    255.000  84292.900   1801.670   3423.520      0.000
     5.000      5.000    255.000  84292.900   1793.890   3424.295      0.000
    10.000     10.000    255.000  84292.900   1778.325   3425.420      0.002
    15.000     15.000    255.000  84292.900   1778.325   3425.420      0.002
    20.000     20.000    255.000  84292.900   1778.325   3425.420      0.002
    25.000     25.000    255.000  84292.900   1770.540   3426.250      0.000
    30.000     30.000    255.000  84292.900   1754.980   3427.745      0.001
    35.000     35.000    255.000  84292.900   1731.630   3429.935      0.001
    40.000     40.000    255.000  84292.900   1716.065   3431.515      0.001
    45.000     45.000    255.000  84292.900   1708.280   3432.270      0.003
    50.000     50.000    255.000  84292.900   1677.150   3435.300      0.001
    55.000     55.000    255.000  84292.900   1630.455   3439.935      0.001
    60.000     60.000    255.000  84292.900   1607.110   3442.220      0.001
    65.000     65.000    255.000  84292.900   1583.760   3444.455      0.003
    70.000     70.000    255.000  84292.900   1583.760   3444.455      0.001
    75.000     75.000    255.000  84292.900   1591.540   3443.705      0.002
    80.000     80.000    255.000  84292.900   1599.325   3442.980      0.001
    85.000     85.000    255.000  84292.900   1607.110   3442.220      0.002
    90.000     90.000    255.000  84292.900   1607.110   3442.220      0.003
    95.000     95.000    255.000  84292.900   1607.110   3442.220      0.003
   100.000    100.000    255.000  84292.900   1599.325   3442.980      0.001
   105.000    105.000    255.000  84292.900   1599.325   3442.980      0.002
   110.000    110.000    255.000  84292.900   1591.540   3443.705      0.000
   115.000    115.000    255.000  84292.900   1591.540   3443.705      0.001
   120.000    120.000    255.000  84292.900   1591.540   3443.705      0.001
   125.000    125.000    255.000  84292.900   1591.540   3443.705      0.002
   130.000    130.000    255.000  84292.900   1583.760   3444.455      0.001
   135.000    135.000    255.000  84292.900   1583.760   3444.455      0.000
   140.000    140.000    255.000  84292.900   1607.110   3442.220      0.003
   145.000    145.000    255.000  84292.900   1591.540   3443.705      0.002
   150.000    150.000    255.000  84292.900   1583.760   3444.455      0.002
   155.000    155.000    255.000  84292.900   1575.980   3445.460      0.001
   160.000    160.000    255.000  84292.900   1575.980   3445.460      0.002
   165.000    165.000    255.000  84292.900   1568.195   3446.340      0.001
   170.000    170.000    255.000  84292.900   1552.630   3447.940      0.001
   175.000    175.000    255.000  84292.900   1544.850   3448.700      0.001
   180.000    180.000    255.000  84292.900   1537.065   3449.355      0.001
   185.000    185.000    255.000  84292.900   1521.500   3450.720      0.001
   190.000    190.000    255.000  84292.900   1521.500   3450.720      0.002
     0.000      0.000    250.000  82150.100   1817.240   3414.650      0.001
     5.000      5.000    250.000  82150.100   1817.240   3414.650      0.003
    10.000     10.000    250.000  82150.100   1786.110   3417.835      0.001
    15.000     15.000    250.000  82150.100   1786.110   3417.835      0.000
    20.000     20.000    250.000  82150.100   1786.110   3417.835      0.000
    25.000     25.000    250.000  82150.100   1786.110   3417.835      0.001
    30.000     30.000    250.000  82150.100   1770.540   3419.205      0.002
    35.000     35.000    250.000  82150.100   1739.410   3422.305      0.001
    40.000     40.000    250.000  82150.100   1731.630   3423.115      0.002
    45.000     45.000    250.000  82150.100   1716.065   3424.715      0.002
    50.000     50.000    250.000  82150.100   1692.720   3426.970      0.002
    55.000     55.000    250.000  82150.100   1638.240   3432.440      0.001
    60.000     60.000    250.000  82150.100   1614.890   3434.760      0.001
    65.000     65.000    250.000  82150.100   1583.760   3437.725      0.001
    70.000     70.000    250.000  82150.100   1591.540   3436.955      0.001
    75.000     75.000    250.000  82150.100   1599.325   3436.235      0.002
    80.000     80.000    250.000  82150.100   1607.110   3435.505      0.002
    85.000     85.000    250.000  82150.100   1614.890   3434.760      0.002
    90.000     90.000    250.000  82150.100   1607.110   3435.505      0.000
    95.000     95.000    250.000  82150.100   1607.110   3435.505      0.000
   100.000    100.000    250.000  82150.100   1607.110   3435.505      0.001
   105.000    105.000    250.000  82150.100   1607.110   3435.505      0.002
   110.000    110.000    250.000  82150.100   1599.325   3436.235      0.000
   115.000    115.000    250.000  82150.100   1599.325   3436.235      0.000
   120.000    120.000    250.000  82150.100   1599.325   3436.235      0.001
   125.000    125.000    250.000  82150.100   1599.325   3436.235      0.001
   130.000    130.000    250.000  82150.100   1591.540   3436.955      0.001
   135.000    135.000    250.000  82150.100   1591.540   3436.955      0.000
   140.000    140.000    250.000  82150.100   1614.890   3434.760      0.000
   145.000    145.000    250.000  82150.100   1599.325   3436.235      0.001
   150.000    150.000    250.000  82150.100   1591.540   3436.955      0.001
   155.000    155.000    250.000  82150.100   1583.760   3437.725      0.001
   160.000    160.000    250.000  82150.100   1583.760   3437.725      0.002
   165.000    165.000    250.000  82150.100   1583.760   3437.725      0.003
   170.000    170.000    250.000  82150.100   1560.410   3440.395      0.001
   175.000    175.000    250.000  82150.100   1560.410   3440.395      0.003
   180.000    180.000    250.000  82150.100   1544.850   3442.005      0.001
   185.000    185.000    250.000  82150.100   1537.065   3442.780      0.003
   190.000    190.000    250.000  82150.100   1529.280   3443.430      0.001
     0.000      0.000    245.000  80721.600   1840.585   3407.610      0.001
     5.000      5.000    245.000  80721.600   1832.800   3408.445      0.001
    10.000     10.000    245.000  80721.600   1809.455   3410.650      0.001
    15.000     15.000    245.000  80721.600   1809.455   3410.650      0.001
    20.000     20.000    245.000  80721.600   1809.455   3410.650      0.001
    25.000     25.000    245.000  80721.600   1809.455   3410.650      0.002
    30.000     30.000    245.000  80721.600   1786.110   3413.125      0.000
    35.000     35.000    245.000  80721.600   1762.760   3415.655      0.002
    40.000     40.000    245.000  80721.600   1747.195   3416.950      0.001
    45.000     45.000    245.000  80721.600   1731.630   3418.565      0.001
    50.000     50.000    245.000  80721.600   1708.280   3420.955      0.003
    55.000     55.000    245.000  80721.600   1653.800   3426.410      0.000
    60.000     60.000    245.000  80721.600   1630.455   3428.770      0.002
    65.000     65.000    245.000  80721.600   1599.325   3431.860      0.000
    70.000     70.000    245.000  80721.600   1607.110   3431.135      0.001
    75.000     75.000    245.000  80721.600   1607.110   3431.135      0.000
    80.000     80.000    245.000  80721.600   1622.670   3429.550      0.003
    85.000     85.000    245.000  80721.600   1622.670   3429.550      0.000
    90.000     90.000    245.000  80721.600   1622.670   3429.550      0.001
    95.000     95.000    245.000  80721.600   1622.670   3429.550      0.001
   100.000    100.000    245.000  80721.600   1622.670   3429.550      0.002
   105.000    105.000    245.000  80721.600   1622.670   3429.550      0.003
   110.000    110.000    245.000  80721.600   1614.890   3430.345      0.001
   115.000    115.000    245.000  80721.600   1614.890   3430.345      0.001
   120.000    120.000    245.000  80721.600   1614.890   3430.345      0.002
   125.000    125.000    245.000  80721.600   1614.890   3430.345      0.001
   130.000    130.000    245.000  80721.600   1607.110   3431.135      0.001
   135.000    135.000    245.000  80721.600   1614.890   3430.345      0.002
   140.000    140.000    245.000  80721.600   1630.455   3428.770      0.002
   145.000    145.000    245.000  80721.600   1614.890   3430.345      0.001
   150.000    150.000    245.000  80721.600   1607.110   3431.135      0.001
   155.000    155.000    245.000  80721.600   1599.325   3431.860      0.000
   160.000    160.000    245.000  80721.600   1599.325   3431.860      0.001
   165.000    165.000    245.000  80721.600   1599.325   3431.860      0.003
   170.000    170.000    245.000  80721.600   1575.980   3434.235      0.000
   175.000    175.000    245.000  80721.600   1575.980   3434.235      0.003
   180.000    180.000    245.000  80721.600   1560.410   3436.075      0.001
   185.000    185.000    245.000  80721.600   1552.630   3436.910      0.003
   190.000    190.000    245.000  80721.600   1544.850   3437.685      0.002
     0.000      0.000    240.000  78578.800   1856.150   3399.220      0.002
     5.000      5.000    240.000  78578.800   1848.370   3400.040      0.001
    10.000     10.000    240.000  78578.800   1817.245   3403.435     -0.002
    15.000     15.000    240.000  78578.800   1817.245   3403.435     -0.002
    20.000     20.000    240.000  78578.800   1817.245   3403.435     -0.002
    25.000     25.000    240.000  78578.800   1817.245   3403.435     -0.001
    30.000     30.000    240.000  78578.800   1801.670   3404.885      0.002
    35.000     35.000    240.000  78578.800   1770.540   3408.120      0.002
    40.000     40.000    240.000  78578.800   1754.980   3409.570      0.000
    45.000     45.000    240.000  78578.800   1747.195   3410.120      0.002
    50.000     50.000    240.000  78578.800   1716.065   3413.315      0.001
    55.000     55.000    240.000  78578.800   1661.585   3418.880      0.001
    60.000     60.000    240.000  78578.800   1638.240   3421.280      0.001
    65.000     65.000    240.000  78578.800   1607.110   3424.470      0.001
    70.000     70.000    240.000  78578.800   1614.890   3423.675      0.001
    75.000     75.000    240.000  78578.800   1614.890   3423.675      0.001
    80.000     80.000    240.000  78578.800   1622.670   3422.880      0.001
    85.000     85.000    240.000  78578.800   1630.455   3422.080      0.000
    90.000     90.000    240.000  78578.800   1630.455   3422.080      0.001
    95.000     95.000    240.000  78578.800   1630.455   3422.080      0.001
   100.000    100.000    240.000  78578.800   1630.455   3422.080      0.002
   105.000    105.000    240.000  78578.800   1622.670   3422.880      0.001
   110.000    110.000    240.000  78578.800   1622.670   3422.880      0.002
   115.000    115.000    240.000  78578.800   1622.670   3422.880      0.002
   120.000    120.000    240.000  78578.800   1622.670   3422.880      0.002
   125.000    125.000    240.000  78578.800   1622.670   3422.880      0.002
   130.000    130.000    240.000  78578.800   1614.890   3423.675      0.001
   135.000    135.000    240.000  78578.800   1614.890   3423.675      0.000
   140.000    140.000    240.000  78578.800   1638.240   3421.280      0.000
   145.000    145.000    240.000  78578.800   1622.670   3422.880      0.002
   150.000    150.000    240.000  78578.800   1614.890   3423.675      0.001
   155.000    155.000    240.000  78578.800   1614.890   3423.675      0.003
   160.000    160.000    240.000  78578.800   1607.110   3424.470      0.000
   165.000    165.000    240.000  78578.800   1607.110   3424.470      0.001
   170.000    170.000    240.000  78578.800   1583.760   3427.055      0.000
   175.000    175.000    240.000  78578.800   1575.980   3428.040      0.000
   180.000    180.000    240.000  78578.800   1568.195   3428.755      0.000
   185.000    185.000    240.000  78578.800   1560.410   3429.465      0.002
   190.000    190.000    240.000  78578.800   1552.630   3430.375      0.001
     0.000      0.000    235.000  77150.300   1879.500   3392.170      0.001
     5.000      5.000    235.000  77150.300   1871.715   3392.835      0.002
    10.000     10.000    235.000  77150.300   1848.370   3395.300      0.002
    15.000     15.000    235.000  77150.300   1840.585   3396.065      0.000
    20.000     20.000    235.000  77150.300   1840.585   3396.065      0.001
    25.000     25.000    235.000  77150.300   1840.585   3396.065      0.002
    30.000     30.000    235.000  77150.300   1817.240   3398.480      0.002
    35.000     35.000    235.000  77150.300   1786.110   3401.890      0.001
    40.000     40.000    235.000  77150.300   1770.540   3403.410      0.000
    45.000     45.000    235.000  77150.300   1762.760   3404.215      0.003
    50.000     50.000    235.000  77150.300   1731.630   3407.240      0.002
    55.000     55.000    235.000  77150.300   1677.150   3412.860      0.001
    60.000     60.000    235.000  77150.300   1646.020   3416.070      0.000
