#x(km) y(km) depth(km) Pressure(bar) Temperature(oC) Density(kg/m3) Vs_diff(km/s)
    65.000     65.000    135.000  45008.600   1537.065   3327.050      0.004
    70.000     70.000    135.000  45008.600   1537.065   3327.050      0.003
    75.000     75.000    135.000  45008.600   1513.720   3330.930      0.000
    80.000     80.000    135.000  45008.600   1498.150   3332.905      0.003
    85.000     85.000    135.000  45008.600   1513.720   3330.930      0.000
    90.000     90.000    135.000  45008.600   1505.935   3331.920      0.001
    95.000     95.000    135.000  45008.600   1482.590   3334.750      0.002
   100.000    100.000    135.000  45008.600   1459.240   3337.465      0.001
   105.000    105.000    135.000  45008.600   1435.890   3340.135      0.001
   110.000    110.000    135.000  45008.600   1428.110   3341.390      0.002
   115.000    115.000    135.000  45008.600   1420.325   3342.690      0.001
   120.000    120.000    135.000  45008.600   1412.540   3343.710      0.001
   125.000    125.000    135.000  45008.600   1404.760   3344.690      0.001
   130.000    130.000    135.000  45008.600   1389.195   3346.645      0.001
   135.000    135.000    135.000  45008.600   1396.980   3345.670      0.003
   140.000    140.000    135.000  45008.600   1420.325   3342.690      0.002
   145.000    145.000    135.000  45008.600   1396.980   3345.670      0.003
   150.000    150.000    135.000  45008.600   1389.195   3346.645      0.002
   155.000    155.000    135.000  45008.600   1396.980   3345.670      0.003
   160.000    160.000    135.000  45008.600   1404.760   3344.690      0.000
   165.000    165.000    135.000  45008.600   1420.325   3342.690      0.003
   170.000    170.000    135.000  45008.600   1412.540   3343.710      0.001
   175.000    175.000    135.000  45008.600   1428.110   3341.390      0.002
   180.000    180.000    135.000  45008.600   1428.110   3341.390      0.004
   185.000    185.000    135.000  45008.600   1420.325   3342.690      0.001
   190.000    190.000    135.000  45008.600   1428.110   3341.390      0.002
     0.000      0.000    130.000  43580.100   1895.065   3274.725      0.003
     5.000      5.000    130.000  43580.100   1879.500   3277.025      0.005
    10.000     10.000    130.000  43580.100   1840.585   3281.390      0.004
    15.000     15.000    130.000  43580.100   1817.240   3285.430      0.001
    20.000     20.000    130.000  43580.100   1793.890   3287.970      0.002
    25.000     25.000    130.000  43580.100   1770.540   3291.725      0.003
    30.000     30.000    130.000  43580.100   1723.850   3298.440      0.002
    35.000     35.000    130.000  43580.100   1677.150   3304.720      0.003
    40.000     40.000    130.000  43580.100   1630.455   3310.885      0.000
    45.000     45.000    130.000  43580.100   1591.540   3315.965      0.001
    50.000     50.000    130.000  43580.100   1529.280   3323.955      0.000
    55.000     55.000    130.000  43580.100   1490.370   3329.070      0.003
    60.000     60.000    130.000  43580.100   1490.370   3329.070      0.000
    65.000     65.000    130.000  43580.100   1513.720   3326.090      0.002
    70.000     70.000    130.000  43580.100   1513.720   3326.090      0.001
    75.000     75.000    130.000  43580.100   1482.590   3330.015      0.000
    80.000     80.000    130.000  43580.100   1451.455   3333.615      0.001
    85.000     85.000    130.000  43580.100   1482.590   3330.015      0.000
    90.000     90.000    130.000  43580.100   1467.020   3331.715      0.001
    95.000     95.000    130.000  43580.100   1435.890   3335.675      0.000
   100.000    100.000    130.000  43580.100   1420.325   3338.040      0.002
   105.000    105.000    130.000  43580.100   1396.980   3341.025      0.000
   110.000    110.000    130.000  43580.100   1381.410   3342.975      0.000
   115.000    115.000    130.000  43580.100   1373.630   3343.910      0.001
   120.000    120.000    130.000  43580.100   1365.850   3344.700      0.002
   125.000    125.000    130.000  43580.100   1358.065   3345.505      0.002
   130.000    130.000    130.000  43580.100   1342.500   3347.555      0.003
   135.000    135.000    130.000  43580.100   1342.500   3347.555      0.003
   140.000    140.000    130.000  43580.100   1373.630   3343.910      0.001
   145.000    145.000    130.000  43580.100   1342.500   3347.555      0.003
   150.000    150.000    130.000  43580.100   1334.720   3348.595      0.001
   155.000    155.000    130.000  43580.100   1342.500   3347.555      0.002
   160.000    160.000    130.000  43580.100   1358.065   3345.505      0.002
   165.000    165.000    130.000  43580.100   1365.850   3344.700      0.001
   170.000    170.000    130.000  43580.100   1358.065   3345.505      0.002
   175.000    175.000    130.000  43580.100   1381.410   3342.975      0.000
   180.000    180.000    130.000  43580.100   1373.630   3343.910      0.000
   185.000    185.000    130.000  43580.100   1373.630   3343.910      0.002
   190.000    190.000    130.000  43580.100   1389.195   3342.000      0.002
     0.000      0.000    125.000  42151.600   1856.150   3273.565     -0.003
     5.000      5.000    125.000  42151.600   1848.370   3274.580      0.004
    10.000     10.000    125.000  42151.600   1817.240   3280.030      0.001
    15.000     15.000    125.000  42151.600   1793.890   3282.465      0.003
    20.000     20.000    125.000  42151.600   1770.540   3286.660      0.001
    25.000     25.000    125.000  42151.600   1739.410   3290.985      0.000
    30.000     30.000    125.000  42151.600   1692.720   3297.395      0.001
    35.000     35.000    125.000  42151.600   1646.020   3303.720      0.002
    40.000     40.000    125.000  42151.600   1599.325   3309.930      0.001
    45.000     45.000    125.000  42151.600   1552.630   3315.470      0.001
    50.000     50.000    125.000  42151.600   1505.935   3322.215      0.003
    55.000     55.000    125.000  42151.600   1459.240   3327.920      0.002
    60.000     60.000    125.000  42151.600   1459.240   3327.920      0.001
    65.000     65.000    125.000  42151.600   1474.805   3326.215      0.002
    70.000     70.000    125.000  42151.600   1474.805   3326.215      0.002
    75.000     75.000    125.000  42151.600   1443.670   3329.950      0.000
    80.000     80.000    125.000  42151.600   1420.325   3333.350      0.000
    85.000     85.000    125.000  42151.600   1443.670   3329.950      0.002
    90.000     90.000    125.000  42151.600   1428.110   3332.330      0.001
    95.000     95.000    125.000  42151.600   1404.760   3335.335      0.003
   100.000    100.000    125.000  42151.600   1381.410   3338.330      0.003
   105.000    105.000    125.000  42151.600   1358.065   3341.005      0.002
   110.000    110.000    125.000  42151.600   1342.500   3343.030      0.003
   115.000    115.000    125.000  42151.600   1326.935   3345.290      0.000
   120.000    120.000    125.000  42151.600   1319.150   3346.285      0.001
   125.000    125.000    125.000  42151.600   1311.370   3347.270      0.001
   130.000    130.000    125.000  42151.600   1295.805   3349.255      0.002
   135.000    135.000    125.000  42151.600   1295.805   3349.255      0.002
   140.000    140.000    125.000  42151.600   1319.150   3346.285      0.002
   145.000    145.000    125.000  42151.600   1295.805   3349.255      0.002
   150.000    150.000    125.000  42151.600   1288.020   3350.250      0.001
   155.000    155.000    125.000  42151.600   1295.805   3349.255      0.002
   160.000    160.000    125.000  42151.600   1311.370   3347.270      0.002
   165.000    165.000    125.000  42151.600   1319.150   3346.285      0.002
   170.000    170.000    125.000  42151.600   1319.150   3346.285      0.003
   175.000    175.000    125.000  42151.600   1334.720   3344.280      0.002
   180.000    180.000    125.000  42151.600   1326.935   3345.290      0.000
   185.000    185.000    125.000  42151.600   1326.935   3345.290      0.001
   190.000    190.000    125.000  42151.600   1342.500   3343.030      0.003
     0.000      0.000    120.000  40008.800   1832.800   3267.420      0.001
     5.000      5.000    120.000  40008.800   1809.455   3269.895      0.003
    10.000     10.000    120.000  40008.800   1786.110   3275.700      0.002
    15.000     15.000    120.000  40008.800   1762.760   3279.255      0.001
    20.000     20.000    120.000  40008.800   1739.410   3282.665      0.001
    25.000     25.000    120.000  40008.800   1708.280   3287.090      0.001
    30.000     30.000    120.000  40008.800   1653.800   3294.675      0.001
    35.000     35.000    120.000  40008.800   1607.110   3301.110      0.002
    40.000     40.000    120.000  40008.800   1552.630   3307.660      0.000
    45.000     45.000    120.000  40008.800   1521.500   3312.655      0.002
    50.000     50.000    120.000  40008.800   1459.240   3320.570      0.003
    55.000     55.000    120.000  40008.800   1412.540   3327.130      0.001
    60.000     60.000    120.000  40008.800   1420.325   3326.085      0.002
    65.000     65.000    120.000  40008.800   1428.110   3324.840      0.001
    70.000     70.000    120.000  40008.800   1428.110   3324.840      0.001
    75.000     75.000    120.000  40008.800   1404.760   3328.165      0.002
    80.000     80.000    120.000  40008.800   1373.630   3332.125      0.002
    85.000     85.000    120.000  40008.800   1396.980   3329.165      0.000
    90.000     90.000    120.000  40008.800   1381.410   3331.175      0.001
    95.000     95.000    120.000  40008.800   1350.280   3334.760      0.002
   100.000    100.000    120.000  40008.800   1326.935   3338.120      0.001
   105.000    105.000    120.000  40008.800   1311.370   3340.325      0.003
   110.000    110.000    120.000  40008.800   1288.020   3343.330      0.000
   115.000    115.000    120.000  40008.800   1280.240   3344.345      0.002
   120.000    120.000    120.000  40008.800   1264.675   3346.365      0.000
   125.000    125.000    120.000  40008.800   1264.675   3346.365      0.003
   130.000    130.000    120.000  40008.800   1233.540   3350.365      0.000
   135.000    135.000    120.000  40008.800   1233.540   3350.365      0.001
   140.000    140.000    120.000  40008.800   1272.460   3345.360      0.002
   145.000    145.000    120.000  40008.800   1233.540   3350.365      0.000
   150.000    150.000    120.000  40008.800   1233.540   3350.365      0.002
   155.000    155.000    120.000  40008.800   1241.325   3349.365      0.002
   160.000    160.000    120.000  40008.800   1256.890   3347.350      0.002
   165.000    165.000    120.000  40008.800   1264.675   3346.365      0.001
   170.000    170.000    120.000  40008.800   1256.890   3347.350      0.002
   175.000    175.000    120.000  40008.800   1280.240   3344.345      0.000
   180.000    180.000    120.000  40008.800   1280.240   3344.345      0.003
   185.000    185.000    120.000  40008.800   1272.460   3345.360      0.001
   190.000    190.000    120.000  40008.800   1288.020   3343.330      0.001
     0.000      0.000    115.000  38580.300   1801.670   3264.400     -0.005
     5.000      5.000    115.000  38580.300   1793.890   3264.865      0.004
    10.000     10.000    115.000  38580.300   1770.540   3270.290      0.004
    15.000     15.000    115.000  38580.300   1747.195   3275.710      0.000
    20.000     20.000    115.000  38580.300   1723.850   3279.105      0.001
    25.000     25.000    115.000  38580.300   1692.720   3283.590      0.003
    30.000     30.000    115.000  38580.300   1638.240   3291.380      0.003
    35.000     35.000    115.000  38580.300   1583.760   3298.905      0.002
    40.000     40.000    115.000  38580.300   1537.065   3304.710      0.003
    45.000     45.000    115.000  38580.300   1490.370   3311.740      0.000
    50.000     50.000    115.000  38580.300   1435.890   3318.560      0.003
    55.000     55.000    115.000  38580.300   1389.195   3325.315      0.000
    60.000     60.000    115.000  38580.300   1389.195   3325.315      0.001
    65.000     65.000    115.000  38580.300   1396.980   3324.265      0.001
    70.000     70.000    115.000  38580.300   1396.980   3324.265      0.002
    75.000     75.000    115.000  38580.300   1365.850   3328.080      0.001
    80.000     80.000    115.000  38580.300   1342.500   3330.705      0.003
    85.000     85.000    115.000  38580.300   1358.065   3328.825      0.002
    90.000     90.000    115.000  38580.300   1342.500   3330.705      0.002
    95.000     95.000    115.000  38580.300   1311.370   3335.610      0.000
   100.000    100.000    115.000  38580.300   1288.020   3338.650      0.000
   105.000    105.000    115.000  38580.300   1264.675   3341.680      0.000
   110.000    110.000    115.000  38580.300   1249.110   3343.725      0.001
   115.000    115.000    115.000  38580.300   1241.325   3344.745      0.003
   120.000    120.000    115.000  38580.300   1225.760   3346.745      0.002
   125.000    125.000    115.000  38580.300   1217.980   3347.760      0.003
   130.000    130.000    115.000  38580.300   1186.850   3351.755      0.000
   135.000    135.000    115.000  38580.300   1186.850   3351.755      0.001
   140.000    140.000    115.000  38580.300   1217.980   3347.760      0.002
   145.000    145.000    115.000  38580.300   1186.850   3351.755      0.001
   150.000    150.000    115.000  38580.300   1179.065   3352.765      0.001
   155.000    155.000    115.000  38580.300   1186.850   3351.755      0.001
   160.000    160.000    115.000  38580.300   1202.410   3349.760      0.000
   165.000    165.000    115.000  38580.300   1217.980   3347.760      0.002
   170.000    170.000    115.000  38580.300   1210.195   3348.770      0.000
   175.000    175.000    115.000  38580.300   1233.540   3345.745      0.001
   180.000    180.000    115.000  38580.300   1233.540   3345.745      0.002
   185.000    185.000    115.000  38580.300   1233.540   3345.745      0.003
   190.000    190.000    115.000  38580.300   1241.325   3344.745      0.000
     0.000      0.000    110.000  37151.800   1809.455   3257.550      0.004
     5.000      5.000    110.000  37151.800   1786.110   3261.590      0.002
    10.000     10.000    110.000  37151.800   1762.760   3267.465      0.003
    15.000     15.000    110.000  37151.800   1739.410   3271.005      0.003
    20.000     20.000    110.000  37151.800   1708.280   3275.655      0.002
    25.000     25.000    110.000  37151.800   1677.150   3280.250      0.003
    30.000     30.000    110.000  37151.800   1614.890   3289.215      0.002
    35.000     35.000    110.000  37151.800   1544.850   3296.190      0.001
    40.000     40.000    110.000  37151.800   1513.720   3303.445      0.001
    45.000     45.000    110.000  37151.800   1459.240   3309.315      0.000
    50.000     50.000    110.000  37151.800   1412.540   3317.275      0.002
    55.000     55.000    110.000  37151.800   1358.065   3323.355      0.001
    60.000     60.000    110.000  37151.800   1358.065   3323.355      0.002
    65.000     65.000    110.000  37151.800   1358.065   3323.355      0.001
    70.000     70.000    110.000  37151.800   1358.065   3323.355      0.002
    75.000     75.000    110.000  37151.800   1326.935   3328.105      0.000
    80.000     80.000    110.000  37151.800   1303.590   3331.890      0.002
    85.000     85.000    110.000  37151.800   1326.935   3328.105      0.004
    90.000     90.000    110.000  37151.800   1303.590   3331.890      0.001
    95.000     95.000    110.000  37151.800   1272.460   3335.985      0.001
   100.000    100.000    110.000  37151.800   1249.110   3339.070      0.001
   105.000    105.000    110.000  37151.800   1225.760   3342.130      0.001
   110.000    110.000    110.000  37151.800   1210.195   3344.165      0.002
   115.000    115.000    110.000  37151.800   1194.630   3346.185      0.001
   120.000    120.000    110.000  37151.800   1179.065   3348.205      0.001
   125.000    125.000    110.000  37151.800   1171.280   3349.220      0.002
   130.000    130.000    110.000  37151.800   1140.150   3353.275      0.002
   135.000    135.000    110.000  37151.800   1132.370   3354.285      0.000
   140.000    140.000    110.000  37151.800   1171.280   3349.220      0.000
   145.000    145.000    110.000  37151.800   1132.370   3354.285      0.000
   150.000    150.000    110.000  37151.800   1132.370   3354.285      0.002
   155.000    155.000    110.000  37151.800   1140.150   3353.275      0.002
   160.000    160.000    110.000  37151.800   1155.720   3351.250      0.001
   165.000    165.000    110.000  37151.800   1163.500   3350.235      0.001
   170.000    170.000    110.000  37151.800   1155.720   3351.250      0.001
   175.000    175.000    110.000  37151.800   1186.850   3347.195      0.000
   180.000    180.000    110.000  37151.800   1186.850   3347.195      0.002
   185.000    185.000    110.000  37151.800   1179.065   3348.205      0.000
   190.000    190.000    110.000  37151.800   1202.410   3345.175      0.002
     0.000      0.000    105.000  35723.200   1778.325   3254.850      0.002
     5.000      5.000    105.000  35723.200   1770.540   3257.040      0.008
    10.000     10.000    105.000  35723.200   1731.630   3265.730      0.001
    15.000     15.000    105.000  35723.200   1708.280   3269.425      0.002
    20.000     20.000    105.000  35723.200   1677.150   3274.170      0.001
    25.000     25.000    105.000  35723.200   1638.240   3280.010      0.000
    30.000     30.000    105.000  35723.200   1583.760   3287.815      0.002
    35.000     35.000    105.000  35723.200   1529.280   3295.190      0.002
    40.000     40.000    105.000  35723.200   1482.590   3302.250      0.002
    45.000     45.000    105.000  35723.200   1435.890   3307.720      0.004
    50.000     50.000    105.000  35723.200   1381.410   3316.295      0.002
    55.000     55.000    105.000  35723.200   1334.720   3321.840      0.003
    60.000     60.000    105.000  35723.200   1326.935   3323.460      0.003
    65.000     65.000    105.000  35723.200   1326.935   3323.460      0.003
    70.000     70.000    105.000  35723.200   1319.150   3324.815      0.002
    75.000     75.000    105.000  35723.200   1288.020   3328.985      0.000
    80.000     80.000    105.000  35723.200   1264.675   3332.150      0.001
    85.000     85.000    105.000  35723.200   1272.460   3331.105      0.000
    90.000     90.000    105.000  35723.200   1256.890   3333.175      0.001
    95.000     95.000    105.000  35723.200   1225.760   3337.320      0.000
   100.000    100.000    105.000  35723.200   1202.410   3340.440      0.002
   105.000    105.000    105.000  35723.200   1179.065   3343.495      0.002
   110.000    110.000    105.000  35723.200   1163.500   3345.570      0.002
   115.000    115.000    105.000  35723.200   1147.935   3347.600      0.002
   120.000    120.000    105.000  35723.200   1132.370   3349.670      0.003
   125.000    125.000    105.000  35723.200   1116.805   3351.690      0.001
   130.000    130.000    105.000  35723.200   1085.675   3355.755      0.000
   135.000    135.000    105.000  35723.200   1085.675   3355.755      0.002
   140.000    140.000    105.000  35723.200   1116.805   3351.690      0.003
   145.000    145.000    105.000  35723.200   1085.675   3355.755      0.002
   150.000    150.000    105.000  35723.200   1077.890   3356.780      0.002
   155.000    155.000    105.000  35723.200   1085.675   3355.755      0.002
   160.000    160.000    105.000  35723.200   1101.240   3353.750      0.001
   165.000    165.000    105.000  35723.200   1109.020   3352.725      0.001
   170.000    170.000    105.000  35723.200   1109.020   3352.725      0.001
   175.000    175.000    105.000  35723.200   1132.370   3349.670      0.001
   180.000    180.000    105.000  35723.200   1132.370   3349.670      0.002
   185.000    185.000    105.000  35723.200   1132.370   3349.670      0.002
   190.000    190.000    105.000  35723.200   1147.935   3347.600      0.001
