#x(km) y(km) depth(km) Pressure(bar) Temperature(oC) Density(kg/m3) Vs_diff(km/s)
    65.000     65.000    235.000  77150.300   1622.670   3418.480      0.001
    70.000     70.000    235.000  77150.300   1630.455   3417.680      0.002
    75.000     75.000    235.000  77150.300   1630.455   3417.680      0.001
    80.000     80.000    235.000  77150.300   1638.240   3416.875      0.002
    85.000     85.000    235.000  77150.300   1646.020   3416.070      0.001
    90.000     90.000    235.000  77150.300   1646.020   3416.070      0.001
    95.000     95.000    235.000  77150.300   1646.020   3416.070      0.002
   100.000    100.000    235.000  77150.300   1638.240   3416.875      0.001
   105.000    105.000    235.000  77150.300   1638.240   3416.875      0.002
   110.000    110.000    235.000  77150.300   1638.240   3416.875      0.003
   115.000    115.000    235.000  77150.300   1638.240   3416.875      0.003
   120.000    120.000    235.000  77150.300   1630.455   3417.680      0.000
   125.000    125.000    235.000  77150.300   1630.455   3417.680      0.000
   130.000    130.000    235.000  77150.300   1630.455   3417.680      0.002
   135.000    135.000    235.000  77150.300   1630.455   3417.680      0.000
   140.000    140.000    235.000  77150.300   1653.800   3415.265      0.002
   145.000    145.000    235.000  77150.300   1638.240   3416.875      0.002
   150.000    150.000    235.000  77150.300   1630.455   3417.680      0.002
   155.000    155.000    235.000  77150.300   1622.670   3418.480      0.001
   160.000    160.000    235.000  77150.300   1622.670   3418.480      0.002
   165.000    165.000    235.000  77150.300   1614.890   3419.295      0.001
   170.000    170.000    235.000  77150.300   1599.325   3420.905      0.000
   175.000    175.000    235.000  77150.300   1591.540   3421.705      0.000
   180.000    180.000    235.000  77150.300   1583.760   3422.525      0.002
   185.000    185.000    235.000  77150.300   1568.195   3424.270      0.001
   190.000    190.000    235.000  77150.300   1560.410   3425.160      0.000
     0.000      0.000    230.000  75007.500   1887.280   3384.365      0.001
     5.000      5.000    230.000  75007.500   1887.280   3384.365      0.002
    10.000     10.000    230.000  75007.500   1856.150   3387.620      0.003
    15.000     15.000    230.000  75007.500   1856.150   3387.620      0.002
    20.000     20.000    230.000  75007.500   1848.370   3388.585      0.001
    25.000     25.000    230.000  75007.500   1848.370   3388.585      0.001
    30.000     30.000    230.000  75007.500   1825.020   3390.850      0.001
    35.000     35.000    230.000  75007.500   1793.890   3394.055      0.002
    40.000     40.000    230.000  75007.500   1778.325   3395.885      0.000
    45.000     45.000    230.000  75007.500   1770.540   3396.710      0.003
    50.000     50.000    230.000  75007.500   1739.410   3399.685      0.002
    55.000     55.000    230.000  75007.500   1677.150   3406.200      0.001
    60.000     60.000    230.000  75007.500   1653.800   3408.625      0.001
    65.000     65.000    230.000  75007.500   1630.455   3411.055      0.002
    70.000     70.000    230.000  75007.500   1638.240   3410.245      0.002
    75.000     75.000    230.000  75007.500   1638.240   3410.245      0.002
    80.000     80.000    230.000  75007.500   1638.240   3410.245      0.000
    85.000     85.000    230.000  75007.500   1653.800   3408.625      0.001
    90.000     90.000    230.000  75007.500   1653.800   3408.625      0.002
    95.000     95.000    230.000  75007.500   1646.020   3409.435      0.000
   100.000    100.000    230.000  75007.500   1646.020   3409.435      0.002
   105.000    105.000    230.000  75007.500   1646.020   3409.435      0.003
   110.000    110.000    230.000  75007.500   1638.240   3410.245      0.001
   115.000    115.000    230.000  75007.500   1638.240   3410.245      0.001
   120.000    120.000    230.000  75007.500   1638.240   3410.245      0.002
   125.000    125.000    230.000  75007.500   1638.240   3410.245      0.001
   130.000    130.000    230.000  75007.500   1630.455   3411.055      0.001
   135.000    135.000    230.000  75007.500   1638.240   3410.245      0.002
   140.000    140.000    230.000  75007.500   1661.585   3407.815      0.002
   145.000    145.000    230.000  75007.500   1638.240   3410.245      0.001
   150.000    150.000    230.000  75007.500   1630.455   3411.055      0.000
   155.000    155.000    230.000  75007.500   1630.455   3411.055      0.002
   160.000    160.000    230.000  75007.500   1622.670   3411.865      0.000
   165.000    165.000    230.000  75007.500   1622.670   3411.865      0.001
   170.000    170.000    230.000  75007.500   1607.110   3413.505      0.002
   175.000    175.000    230.000  75007.500   1599.325   3414.335      0.001
   180.000    180.000    230.000  75007.500   1591.540   3415.170      0.002
   185.000    185.000    230.000  75007.500   1575.980   3417.020      0.002
   190.000    190.000    230.000  75007.500   1568.195   3417.725      0.001
     0.000      0.000    225.000  73579.000   1910.630   3377.140      0.002
     5.000      5.000    225.000  73579.000   1895.065   3378.690      0.000
    10.000     10.000    225.000  73579.000   1871.715   3381.420      0.002
    15.000     15.000    225.000  73579.000   1863.930   3382.200      0.000
    20.000     20.000    225.000  73579.000   1863.930   3382.200      0.001
    25.000     25.000    225.000  73579.000   1863.930   3382.200      0.003
    30.000     30.000    225.000  73579.000   1840.585   3384.730      0.003
    35.000     35.000    225.000  73579.000   1809.455   3388.110      0.002
    40.000     40.000    225.000  73579.000   1793.890   3389.725      0.002
    45.000     45.000    225.000  73579.000   1778.325   3391.335      0.002
    50.000     50.000    225.000  73579.000   1747.195   3394.400      0.002
    55.000     55.000    225.000  73579.000   1692.720   3400.140      0.002
    60.000     60.000    225.000  73579.000   1661.585   3403.410      0.001
    65.000     65.000    225.000  73579.000   1638.240   3405.870      0.000
    70.000     70.000    225.000  73579.000   1646.020   3405.050      0.001
    75.000     75.000    225.000  73579.000   1646.020   3405.050      0.000
    80.000     80.000    225.000  73579.000   1653.800   3404.225      0.001
    85.000     85.000    225.000  73579.000   1669.370   3402.600      0.003
    90.000     90.000    225.000  73579.000   1661.585   3403.410      0.000
    95.000     95.000    225.000  73579.000   1661.585   3403.410      0.001
   100.000    100.000    225.000  73579.000   1661.585   3403.410      0.003
   105.000    105.000    225.000  73579.000   1653.800   3404.225      0.001
   110.000    110.000    225.000  73579.000   1653.800   3404.225      0.002
   115.000    115.000    225.000  73579.000   1653.800   3404.225      0.003
   120.000    120.000    225.000  73579.000   1646.020   3405.050      0.000
   125.000    125.000    225.000  73579.000   1646.020   3405.050      0.000
   130.000    130.000    225.000  73579.000   1646.020   3405.050      0.002
   135.000    135.000    225.000  73579.000   1646.020   3405.050      0.000
   140.000    140.000    225.000  73579.000   1661.585   3403.410      0.000
   145.000    145.000    225.000  73579.000   1653.800   3404.225      0.002
   150.000    150.000    225.000  73579.000   1646.020   3405.050      0.002
   155.000    155.000    225.000  73579.000   1638.240   3405.870      0.001
   160.000    160.000    225.000  73579.000   1638.240   3405.870      0.002
   165.000    165.000    225.000  73579.000   1630.455   3406.685      0.000
   170.000    170.000    225.000  73579.000   1622.670   3407.500      0.002
   175.000    175.000    225.000  73579.000   1614.890   3408.330      0.002
   180.000    180.000    225.000  73579.000   1599.325   3410.010      0.001
   185.000    185.000    225.000  73579.000   1583.760   3411.680      0.000
   190.000    190.000    225.000  73579.000   1583.760   3411.680      0.002
     0.000      0.000    220.000  72150.500   1933.980   3370.060      0.002
     5.000      5.000    220.000  72150.500   1926.195   3370.900      0.002
    10.000     10.000    220.000  72150.500   1895.065   3374.040      0.003
    15.000     15.000    220.000  72150.500   1895.065   3374.040      0.003
    20.000     20.000    220.000  72150.500   1887.280   3374.965      0.001
    25.000     25.000    220.000  72150.500   1887.280   3374.965      0.002
    30.000     30.000    220.000  72150.500   1856.150   3378.405      0.001
    35.000     35.000    220.000  72150.500   1825.020   3381.700      0.002
    40.000     40.000    220.000  72150.500   1809.455   3383.550      0.000
    45.000     45.000    220.000  72150.500   1793.890   3385.035      0.002
    50.000     50.000    220.000  72150.500   1762.760   3388.395      0.002
    55.000     55.000    220.000  72150.500   1700.500   3394.900      0.002
    60.000     60.000    220.000  72150.500   1677.150   3397.385      0.001
    65.000     65.000    220.000  72150.500   1653.800   3399.850      0.002
    70.000     70.000    220.000  72150.500   1661.585   3399.015      0.002
    75.000     75.000    220.000  72150.500   1661.585   3399.015      0.002
    80.000     80.000    220.000  72150.500   1661.585   3399.015      0.001
    85.000     85.000    220.000  72150.500   1684.935   3396.555      0.003
    90.000     90.000    220.000  72150.500   1677.150   3397.385      0.001
    95.000     95.000    220.000  72150.500   1677.150   3397.385      0.002
   100.000    100.000    220.000  72150.500   1669.370   3398.200      0.001
   105.000    105.000    220.000  72150.500   1661.585   3399.015      0.000
   110.000    110.000    220.000  72150.500   1661.585   3399.015      0.002
   115.000    115.000    220.000  72150.500   1661.585   3399.015      0.002
   120.000    120.000    220.000  72150.500   1661.585   3399.015      0.002
   125.000    125.000    220.000  72150.500   1661.585   3399.015      0.002
   130.000    130.000    220.000  72150.500   1653.800   3399.850      0.001
   135.000    135.000    220.000  72150.500   1653.800   3399.850      0.000
   140.000    140.000    220.000  72150.500   1684.935   3396.555      0.003
   145.000    145.000    220.000  72150.500   1661.585   3399.015      0.002
   150.000    150.000    220.000  72150.500   1653.800   3399.850      0.002
   155.000    155.000    220.000  72150.500   1646.020   3400.685      0.000
   160.000    160.000    220.000  72150.500   1653.800   3399.850      0.003
   165.000    165.000    220.000  72150.500   1646.020   3400.685      0.000
   170.000    170.000    220.000  72150.500   1630.455   3402.320      0.001
   175.000    175.000    220.000  72150.500   1622.670   3403.160      0.000
   180.000    180.000    220.000  72150.500   1614.890   3404.005      0.001
   185.000    185.000    220.000  72150.500   1599.325   3405.695      0.001
   190.000    190.000    220.000  72150.500   1591.540   3406.535      0.000
     0.000      0.000    215.000  70007.700   1972.890   3358.945      0.003
     5.000      5.000    215.000  70007.700   1957.325   3360.510      0.000
    10.000     10.000    215.000  70007.700   1933.980   3363.030      0.002
    15.000     15.000    215.000  70007.700   1926.195   3363.875      0.001
    20.000     20.000    215.000  70007.700   1926.195   3363.875      0.003
    25.000     25.000    215.000  70007.700   1918.410   3364.700      0.002
    30.000     30.000    215.000  70007.700   1887.280   3367.960      0.002
    35.000     35.000    215.000  70007.700   1848.370   3372.265      0.000
    40.000     40.000    215.000  70007.700   1832.800   3374.155      0.001
    45.000     45.000    215.000  70007.700   1817.240   3375.645      0.003
    50.000     50.000    215.000  70007.700   1778.325   3380.090      0.002
    55.000     55.000    215.000  70007.700   1716.065   3386.560      0.000
    60.000     60.000    215.000  70007.700   1684.935   3389.920      0.000
    65.000     65.000    215.000  70007.700   1661.585   3392.425      0.001
    70.000     70.000    215.000  70007.700   1669.370   3391.590      0.003
    75.000     75.000    215.000  70007.700   1669.370   3391.590      0.003
    80.000     80.000    215.000  70007.700   1669.370   3391.590      0.002
    85.000     85.000    215.000  70007.700   1684.935   3389.920      0.001
    90.000     90.000    215.000  70007.700   1684.935   3389.920      0.001
    95.000     95.000    215.000  70007.700   1684.935   3389.920      0.002
   100.000    100.000    215.000  70007.700   1677.150   3390.755      0.002
   105.000    105.000    215.000  70007.700   1669.370   3391.590      0.001
   110.000    110.000    215.000  70007.700   1669.370   3391.590      0.002
   115.000    115.000    215.000  70007.700   1669.370   3391.590      0.002
   120.000    120.000    215.000  70007.700   1669.370   3391.590      0.002
   125.000    125.000    215.000  70007.700   1669.370   3391.590      0.002
   130.000    130.000    215.000  70007.700   1661.585   3392.425      0.001
   135.000    135.000    215.000  70007.700   1669.370   3391.590      0.003
   140.000    140.000    215.000  70007.700   1684.935   3389.920      0.001
   145.000    145.000    215.000  70007.700   1669.370   3391.590      0.002
   150.000    150.000    215.000  70007.700   1661.585   3392.425      0.002
   155.000    155.000    215.000  70007.700   1661.585   3392.425      0.003
   160.000    160.000    215.000  70007.700   1661.585   3392.425      0.003
   165.000    165.000    215.000  70007.700   1653.800   3393.265      0.000
   170.000    170.000    215.000  70007.700   1646.020   3394.110      0.002
   175.000    175.000    215.000  70007.700   1638.240   3394.950      0.002
   180.000    180.000    215.000  70007.700   1622.670   3396.640      0.000
   185.000    185.000    215.000  70007.700   1614.890   3397.485      0.002
   190.000    190.000    215.000  70007.700   1607.110   3398.340      0.002
     0.000      0.000    210.000  68579.200   1957.325   3355.780      0.001
     5.000      5.000    210.000  68579.200   1957.325   3355.780      0.002
    10.000     10.000    210.000  68579.200   1926.195   3359.195      0.003
    15.000     15.000    210.000  68579.200   1918.410   3360.055      0.000
    20.000     20.000    210.000  68579.200   1918.410   3360.055      0.002
    25.000     25.000    210.000  68579.200   1910.630   3360.900      0.000
    30.000     30.000    210.000  68579.200   1887.280   3363.325      0.002
    35.000     35.000    210.000  68579.200   1848.370   3367.615      0.002
    40.000     40.000    210.000  68579.200   1832.800   3369.385      0.001
    45.000     45.000    210.000  68579.200   1817.240   3371.045      0.002
    50.000     50.000    210.000  68579.200   1778.325   3375.310      0.000
    55.000     55.000    210.000  68579.200   1716.065   3382.105      0.001
    60.000     60.000    210.000  68579.200   1692.720   3384.640      0.001
    65.000     65.000    210.000  68579.200   1669.370   3387.185      0.001
    70.000     70.000    210.000  68579.200   1677.150   3386.350      0.000
    75.000     75.000    210.000  68579.200   1677.150   3386.350      0.001
    80.000     80.000    210.000  68579.200   1677.150   3386.350      0.002
    85.000     85.000    210.000  68579.200   1700.500   3383.795      0.002
    90.000     90.000    210.000  68579.200   1692.720   3384.640      0.000
    95.000     95.000    210.000  68579.200   1692.720   3384.640      0.002
   100.000    100.000    210.000  68579.200   1684.935   3385.495      0.001
   105.000    105.000    210.000  68579.200   1684.935   3385.495      0.003
   110.000    110.000    210.000  68579.200   1677.150   3386.350      0.001
   115.000    115.000    210.000  68579.200   1677.150   3386.350      0.001
   120.000    120.000    210.000  68579.200   1677.150   3386.350      0.001
   125.000    125.000    210.000  68579.200   1684.935   3385.495      0.003
   130.000    130.000    210.000  68579.200   1677.150   3386.350      0.002
   135.000    135.000    210.000  68579.200   1677.150   3386.350      0.001
   140.000    140.000    210.000  68579.200   1700.500   3383.795      0.001
   145.000    145.000    210.000  68579.200   1684.935   3385.495      0.003
   150.000    150.000    210.000  68579.200   1677.150   3386.350      0.002
   155.000    155.000    210.000  68579.200   1669.370   3387.185      0.001
   160.000    160.000    210.000  68579.200   1669.370   3387.185      0.000
   165.000    165.000    210.000  68579.200   1669.370   3387.185      0.000
   170.000    170.000    210.000  68579.200   1653.800   3388.875      0.000
   175.000    175.000    210.000  68579.200   1653.800   3388.875      0.002
   180.000    180.000    210.000  68579.200   1646.020   3389.750      0.003
   185.000    185.000    210.000  68579.200   1622.670   3392.305      0.000
   190.000    190.000    210.000  68579.200   1622.670   3392.305      0.002
     0.000      0.000    205.000  67150.700   1832.800   3364.810      0.002
     5.000      5.000    205.000  67150.700   1825.020   3365.630      0.003
    10.000     10.000    205.000  67150.700   1801.670   3368.165      0.001
    15.000     15.000    205.000  67150.700   1801.670   3368.165      0.001
    20.000     20.000    205.000  67150.700   1801.670   3368.165      0.001
    25.000     25.000    205.000  67150.700   1801.670   3368.165      0.000
    30.000     30.000    205.000  67150.700   1786.110   3369.930      0.000
    35.000     35.000    205.000  67150.700   1762.760   3372.465      0.002
    40.000     40.000    205.000  67150.700   1747.195   3374.145      0.000
    45.000     45.000    205.000  67150.700   1739.410   3375.010      0.003
    50.000     50.000    205.000  67150.700   1708.280   3378.485      0.003
    55.000     55.000    205.000  67150.700   1677.150   3381.900      0.002
    60.000     60.000    205.000  67150.700   1669.370   3382.750      0.001
    65.000     65.000    205.000  67150.700   1677.150   3381.900      0.002
    70.000     70.000    205.000  67150.700   1684.935   3381.050      0.003
    75.000     75.000    205.000  67150.700   1677.150   3381.900      0.000
    80.000     80.000    205.000  67150.700   1677.150   3381.900      0.001
    85.000     85.000    205.000  67150.700   1692.720   3380.195      0.000
    90.000     90.000    205.000  67150.700   1692.720   3380.195      0.000
    95.000     95.000    205.000  67150.700   1692.720   3380.195      0.003
   100.000    100.000    205.000  67150.700   1684.935   3381.050      0.002
   105.000    105.000    205.000  67150.700   1677.150   3381.900      0.001
   110.000    110.000    205.000  67150.700   1669.370   3382.750      0.000
   115.000    115.000    205.000  67150.700   1677.150   3381.900      0.002
   120.000    120.000    205.000  67150.700   1677.150   3381.900      0.002
   125.000    125.000    205.000  67150.700   1677.150   3381.900      0.001
   130.000    130.000    205.000  67150.700   1677.150   3381.900      0.001
   135.000    135.000    205.000  67150.700   1684.935   3381.050      0.001
   140.000    140.000    205.000  67150.700   1700.500   3379.340      0.001
   145.000    145.000    205.000  67150.700   1692.720   3380.195      0.003
   150.000    150.000    205.000  67150.700   1684.935   3381.050      0.003
   155.000    155.000    205.000  67150.700   1677.150   3381.900      0.000
   160.000    160.000    205.000  67150.700   1684.935   3381.050      0.003
   165.000    165.000    205.000  67150.700   1677.150   3381.900      0.000
   170.000    170.000    205.000  67150.700   1669.370   3382.750      0.002
   175.000    175.000    205.000  67150.700   1661.585   3383.610      0.001
   180.000    180.000    205.000  67150.700   1653.800   3384.475      0.002
   185.000    185.000    205.000  67150.700   1638.240   3386.200      0.001
   190.000    190.000    205.000  67150.700   1638.240   3386.200      0.003
