#x(km) y(km) depth(km) Pressure(bar) Temperature(oC) Density(kg/m3) Vs_diff(km/s)
   130.000    130.000     70.000  24295.100    774.370   3359.855      0.003
   135.000    135.000     70.000  24295.100    766.590   3361.030      0.003
   140.000    140.000     70.000  24295.100    797.720   3356.050      0.002
   145.000    145.000     70.000  24295.100    758.805   3362.540      0.001
   150.000    150.000     70.000  24295.100    751.020   3363.600      0.001
   155.000    155.000     70.000  24295.100    758.805   3362.540      0.001
   160.000    160.000     70.000  24295.100    774.370   3359.855      0.002
   165.000    165.000     70.000  24295.100    782.150   3358.420      0.002
   170.000    170.000     70.000  24295.100    774.370   3359.855      0.002
   175.000    175.000     70.000  24295.100    805.500   3355.185      0.002
   180.000    180.000     70.000  24295.100    789.935   3357.080      0.001
   185.000    185.000     70.000  24295.100    789.935   3357.080      0.001
   190.000    190.000     70.000  24295.100    805.500   3355.185     -0.002
     0.000      0.000     65.000  22152.300   1490.370   3235.685      0.003
     5.000      5.000     65.000  22152.300   1467.020   3240.600      0.003
    10.000     10.000     65.000  22152.300   1428.110   3248.280      0.000
    15.000     15.000     65.000  22152.300   1396.980   3252.505      0.002
    20.000     20.000     65.000  22152.300   1365.850   3258.725      0.003
    25.000     25.000     65.000  22152.300   1326.935   3265.820      0.003
    30.000     30.000     65.000  22152.300   1264.675   3277.665      0.001
    35.000     35.000     65.000  22152.300   1210.195   3286.805      0.002
    40.000     40.000     65.000  22152.300   1163.500   3294.500      0.003
    45.000     45.000     65.000  22152.300   1116.805   3302.025      0.001
    50.000     50.000     65.000  22152.300   1077.890   3308.140      0.000
    55.000     55.000     65.000  22152.300   1023.410   3314.155      0.001
    60.000     60.000     65.000  22152.300    992.280   3319.025      0.001
    65.000     65.000     65.000  22152.300    976.720   3322.750      0.000
    70.000     70.000     65.000  22152.300    968.935   3324.700      0.002
    75.000     75.000     65.000  22152.300    945.590   3327.540      0.002
    80.000     80.000     65.000  22152.300    930.020   3329.055      0.005
    85.000     85.000     65.000  22152.300    914.460   3330.730      0.006
    90.000     90.000     65.000  22152.300    891.110   3334.900      0.003
    95.000     95.000     65.000  22152.300    867.760   3339.625      0.002
   100.000    100.000     65.000  22152.300    844.410   3343.020      0.002
   105.000    105.000     65.000  22152.300    821.065   3344.815      0.003
   110.000    110.000     65.000  22152.300    789.935   3348.835     -0.000
   115.000    115.000     65.000  22152.300    782.150   3349.860      0.002
   120.000    120.000     65.000  22152.300    774.370   3351.935      0.004
   125.000    125.000     65.000  22152.300    766.590   3353.755      0.003
   130.000    130.000     65.000  22152.300    735.460   3358.550      0.001
   135.000    135.000     65.000  22152.300    727.677   3359.620      0.002
   140.000    140.000     65.000  22152.300    751.020   3356.330      0.001
   145.000    145.000     65.000  22152.300    719.892   3360.690      0.001
   150.000    150.000     65.000  22152.300    704.327   3361.480      0.001
   155.000    155.000     65.000  22152.300    719.892   3360.690      0.003
   160.000    160.000     65.000  22152.300    727.677   3359.620      0.001
   165.000    165.000     65.000  22152.300    735.460   3358.550      0.002
   170.000    170.000     65.000  22152.300    727.677   3359.620      0.001
   175.000    175.000     65.000  22152.300    751.020   3356.330      0.001
   180.000    180.000     65.000  22152.300    743.240   3357.445      0.000
   185.000    185.000     65.000  22152.300    743.240   3357.445      0.000
   190.000    190.000     65.000  22152.300    766.590   3353.755      0.003
     0.000      0.000     60.000  20723.800   1412.540   3242.005      0.000
     5.000      5.000     60.000  20723.800   1396.980   3244.685      0.003
    10.000     10.000     60.000  20723.800   1358.065   3251.350      0.003
    15.000     15.000     60.000  20723.800   1334.720   3255.770      0.003
    20.000     20.000     60.000  20723.800   1303.590   3262.725      0.000
    25.000     25.000     60.000  20723.800   1272.460   3268.800      0.000
    30.000     30.000     60.000  20723.800   1217.980   3277.675      0.006
    35.000     35.000     60.000  20723.800   1163.500   3288.205      0.003
    40.000     40.000     60.000  20723.800   1116.805   3295.865      0.001
    45.000     45.000     60.000  20723.800   1077.890   3302.180      0.001
    50.000     50.000     60.000  20723.800   1031.195   3306.845      0.001
    55.000     55.000     60.000  20723.800    992.280   3313.745      0.001
    60.000     60.000     60.000  20723.800    968.935   3319.205      0.000
    65.000     65.000     60.000  20723.800    937.805   3321.470     -0.000
    70.000     70.000     60.000  20723.800    922.240   3323.890     -0.001
    75.000     75.000     60.000  20723.800    906.675   3327.200     -0.000
    80.000     80.000     60.000  20723.800    891.110   3328.840      0.002
    85.000     85.000     60.000  20723.800    875.545   3332.100      0.002
    90.000     90.000     60.000  20723.800    867.760   3334.445      0.002
    95.000     95.000     60.000  20723.800    821.065   3339.455     -0.001
   100.000    100.000     60.000  20723.800    813.280   3341.050      0.003
   105.000    105.000     60.000  20723.800    789.935   3344.010      0.002
   110.000    110.000     60.000  20723.800    766.590   3347.745     -0.000
   115.000    115.000     60.000  20723.800    751.020   3348.565      0.001
   120.000    120.000     60.000  20723.800    743.240   3351.135      0.003
   125.000    125.000     60.000  20723.800    743.240   3351.135      0.005
   130.000    130.000     60.000  20723.800    704.327   3355.420      0.004
   135.000    135.000     60.000  20723.800    696.544   3357.820      0.002
   140.000    140.000     60.000  20723.800    735.460   3353.715      0.001
   145.000    145.000     60.000  20723.800    688.762   3358.880      0.000
   150.000    150.000     60.000  20723.800    680.979   3359.490      0.001
   155.000    155.000     60.000  20723.800    688.762   3358.880      0.001
   160.000    160.000     60.000  20723.800    704.327   3355.420      0.005
   165.000    165.000     60.000  20723.800    704.327   3355.420      0.004
   170.000    170.000     60.000  20723.800    696.544   3357.820      0.002
   175.000    175.000     60.000  20723.800    712.110   3355.230     -0.002
   180.000    180.000     60.000  20723.800    712.110   3355.230      0.002
   185.000    185.000     60.000  20723.800    712.110   3355.230      0.002
   190.000    190.000     60.000  20723.800    743.240   3351.135      0.005
     0.000      0.000     55.000  19295.300   1264.675   3261.285      0.003
     5.000      5.000     55.000  19295.300   1249.110   3264.890      0.002
    10.000     10.000     55.000  19295.300   1225.760   3268.025      0.003
    15.000     15.000     55.000  19295.300   1217.980   3270.165      0.002
    20.000     20.000     55.000  19295.300   1202.410   3273.425      0.001
    25.000     25.000     55.000  19295.300   1186.850   3275.900      0.003
    30.000     30.000     55.000  19295.300   1147.935   3282.945      0.001
    35.000     35.000     55.000  19295.300   1116.805   3288.410      0.003
    40.000     40.000     55.000  19295.300   1077.890   3293.520      0.002
    45.000     45.000     55.000  19295.300   1062.325   3297.800      0.003
    50.000     50.000     55.000  19295.300   1023.410   3302.660      0.003
    55.000     55.000     55.000  19295.300    984.500   3309.860      0.003
    60.000     60.000     55.000  19295.300    953.370   3315.335      0.004
    65.000     65.000     55.000  19295.300    922.240   3319.165      0.003
    70.000     70.000     55.000  19295.300    898.890   3321.745      0.002
    75.000     75.000     55.000  19295.300    883.330   3323.830      0.005
    80.000     80.000     55.000  19295.300    867.760   3328.670      0.000
    85.000     85.000     55.000  19295.300    844.410   3331.375      0.001
    90.000     90.000     55.000  19295.300    828.850   3333.990      0.001
    95.000     95.000     55.000  19295.300    813.280   3336.125      0.004
   100.000    100.000     55.000  19295.300    789.935   3339.525      0.003
   105.000    105.000     55.000  19295.300    766.590   3342.470      0.001
   110.000    110.000     55.000  19295.300    751.020   3345.020      0.000
   115.000    115.000     55.000  19295.300    743.240   3346.450      0.001
   120.000    120.000     55.000  19295.300    735.460   3348.465      0.003
   125.000    125.000     55.000  19295.300    727.677   3349.620      0.002
   130.000    130.000     55.000  19295.300    704.327   3350.955      0.004
   135.000    135.000     55.000  19295.300    696.544   3353.010      0.001
   140.000    140.000     55.000  19295.300    727.677   3349.620      0.002
   145.000    145.000     55.000  19295.300    696.544   3353.010      0.000
   150.000    150.000     55.000  19295.300    696.544   3353.010      0.002
   155.000    155.000     55.000  19295.300    704.327   3350.955      0.004
   160.000    160.000     55.000  19295.300    719.892   3350.695      0.002
   165.000    165.000     55.000  19295.300    712.110   3350.600     -0.000
   170.000    170.000     55.000  19295.300    719.892   3350.695      0.002
   175.000    175.000     55.000  19295.300    735.460   3348.465      0.001
   180.000    180.000     55.000  19295.300    735.460   3348.465      0.003
   185.000    185.000     55.000  19295.300    735.460   3348.465      0.003
   190.000    190.000     55.000  19295.300    743.240   3346.450      0.001
     0.000      0.000     50.000  17152.500   1124.590   3275.015      0.003
     5.000      5.000     50.000  17152.500   1109.020   3278.030      0.001
    10.000     10.000     50.000  17152.500   1101.240   3279.675      0.001
    15.000     15.000     50.000  17152.500   1109.020   3278.030      0.004
    20.000     20.000     50.000  17152.500   1101.240   3279.675      0.002
    25.000     25.000     50.000  17152.500   1093.460   3281.000      0.000
    30.000     30.000     50.000  17152.500   1077.890   3283.180      0.001
    35.000     35.000     50.000  17152.500   1046.760   3287.765      0.000
    40.000     40.000     50.000  17152.500   1031.195   3290.945      0.000
    45.000     45.000     50.000  17152.500   1015.630   3294.315      0.001
    50.000     50.000     50.000  17152.500    992.280   3297.565      0.003
    55.000     55.000     50.000  17152.500    945.590   3304.915      0.003
    60.000     60.000     50.000  17152.500    906.675   3312.455      0.001
    65.000     65.000     50.000  17152.500    883.330   3316.435      0.002
    70.000     70.000     50.000  17152.500    867.760   3319.620      0.001
    75.000     75.000     50.000  17152.500    844.410   3321.605      0.003
    80.000     80.000     50.000  17152.500    828.850   3324.905      0.000
    85.000     85.000     50.000  17152.500    805.500   3328.770      0.001
    90.000     90.000     50.000  17152.500    797.720   3329.590      0.004
    95.000     95.000     50.000  17152.500    774.370   3333.730      0.001
   100.000    100.000     50.000  17152.500    751.020   3336.980      0.000
   105.000    105.000     50.000  17152.500    743.240   3337.485      0.002
   110.000    110.000     50.000  17152.500    727.677   3340.820      0.001
   115.000    115.000     50.000  17152.500    727.677   3340.820      0.003
   120.000    120.000     50.000  17152.500    704.327   3344.890      0.001
   125.000    125.000     50.000  17152.500    704.327   3344.890      0.001
   130.000    130.000     50.000  17152.500    680.979   3347.615      0.000
   135.000    135.000     50.000  17152.500    680.979   3347.615      0.002
   140.000    140.000     50.000  17152.500    712.110   3343.115      0.000
   145.000    145.000     50.000  17152.500    688.762   3346.620      0.002
   150.000    150.000     50.000  17152.500    688.762   3346.620      0.002
   155.000    155.000     50.000  17152.500    696.544   3345.880      0.002
   160.000    160.000     50.000  17152.500    712.110   3343.115      0.002
   165.000    165.000     50.000  17152.500    712.110   3343.115      0.001
   170.000    170.000     50.000  17152.500    712.110   3343.115      0.003
   175.000    175.000     50.000  17152.500    727.677   3340.820      0.001
   180.000    180.000     50.000  17152.500    727.677   3340.820      0.003
   185.000    185.000     50.000  17152.500    727.677   3340.820      0.003
   190.000    190.000     50.000  17152.500    735.460   3338.810      0.002
     0.000      0.000     45.000  15724.000   1140.150   3263.725      0.001
     5.000      5.000     45.000  15724.000   1132.370   3265.180      0.004
    10.000     10.000     45.000  15724.000   1109.020   3269.260      0.002
    15.000     15.000     45.000  15724.000   1101.240   3271.000      0.002
    20.000     20.000     45.000  15724.000   1085.675   3274.285      0.000
    25.000     25.000     45.000  15724.000   1077.890   3275.610      0.003
    30.000     30.000     45.000  15724.000   1038.980   3282.280      0.000
    35.000     35.000     45.000  15724.000   1015.630   3287.530      0.003
    40.000     40.000     45.000  15724.000    984.500   3292.770      0.001
    45.000     45.000     45.000  15724.000    961.150   3296.575      0.001
    50.000     50.000     45.000  15724.000    945.590   3298.930      0.003
    55.000     55.000     45.000  15724.000    914.460   3304.790      0.002
    60.000     60.000     45.000  15724.000    883.330   3310.085      0.002
    65.000     65.000     45.000  15724.000    859.980   3314.605      0.002
    70.000     70.000     45.000  15724.000    844.410   3316.700      0.002
    75.000     75.000     45.000  15724.000    828.850   3319.120      0.003
    80.000     80.000     45.000  15724.000    813.280   3321.735      0.001
    85.000     85.000     45.000  15724.000    789.935   3325.555      0.002
    90.000     90.000     45.000  15724.000    766.590   3328.215      0.001
    95.000     95.000     45.000  15724.000    751.020   3332.175      0.000
   100.000    100.000     45.000  15724.000    735.460   3333.845      0.002
   105.000    105.000     45.000  15724.000    719.892   3336.390      0.001
   110.000    110.000     45.000  15724.000    704.327   3339.525      0.001
   115.000    115.000     45.000  15724.000    696.544   3340.610      0.001
   120.000    120.000     45.000  15724.000    673.197   3343.430      0.000
   125.000    125.000     45.000  15724.000    673.197   3343.430      0.002
   130.000    130.000     45.000  15724.000    657.631   3346.045      0.002
   135.000    135.000     45.000  15724.000    657.631   3346.045      0.003
   140.000    140.000     45.000  15724.000    673.197   3343.430      0.002
   145.000    145.000     45.000  15724.000    657.631   3346.045      0.004
   150.000    150.000     45.000  15724.000    649.849   3347.850      0.002
   155.000    155.000     45.000  15724.000    649.849   3347.850      0.000
   160.000    160.000     45.000  15724.000    657.631   3346.045      0.000
   165.000    165.000     45.000  15724.000    657.631   3346.045      0.000
   170.000    170.000     45.000  15724.000    657.631   3346.045      0.002
   175.000    175.000     45.000  15724.000    673.197   3343.430      0.002
   180.000    180.000     45.000  15724.000    665.414   3344.210      0.000
   185.000    185.000     45.000  15724.000    673.197   3343.430      0.002
   190.000    190.000     45.000  15724.000    688.762   3341.610      0.001
     0.000      0.000     40.000  14295.500   1217.980   3244.375      0.003
     5.000      5.000     40.000  14295.500   1194.630   3247.360      0.002
    10.000     10.000     40.000  14295.500   1155.720   3252.370      0.002
    15.000     15.000     40.000  14295.500   1132.370   3255.385      0.003
    20.000     20.000     40.000  14295.500   1093.460   3260.390      0.001
    25.000     25.000     40.000  14295.500   1070.110   3263.390      0.001
    30.000     30.000     40.000  14295.500   1038.980   3274.935      0.005
    35.000     35.000     40.000  14295.500    984.500   3285.090      0.002
    40.000     40.000     40.000  14295.500    961.150   3289.280      0.004
    45.000     45.000     40.000  14295.500    937.805   3293.370      0.003
    50.000     50.000     40.000  14295.500    922.240   3296.370      0.001
    55.000     55.000     40.000  14295.500    898.890   3300.620      0.000
    60.000     60.000     40.000  14295.500    875.545   3304.590      0.001
    65.000     65.000     40.000  14295.500    836.630   3311.095      0.002
    70.000     70.000     40.000  14295.500    821.065   3313.890      0.001
    75.000     75.000     40.000  14295.500    805.500   3316.370      0.001
    80.000     80.000     40.000  14295.500    805.500   3316.370      0.002
    85.000     85.000     40.000  14295.500    766.590   3322.715      0.001
    90.000     90.000     40.000  14295.500    758.805   3324.435      0.003
    95.000     95.000     40.000  14295.500    735.460   3328.265      0.001
   100.000    100.000     40.000  14295.500    719.892   3330.930      0.001
   105.000    105.000     40.000  14295.500    712.110   3332.380      0.002
   110.000    110.000     40.000  14295.500    696.544   3334.865      0.002
   115.000    115.000     40.000  14295.500    680.979   3336.935      0.000
   120.000    120.000     40.000  14295.500    673.197   3337.880      0.004
   125.000    125.000     40.000  14295.500    665.414   3339.350      0.000
   130.000    130.000     40.000  14295.500    649.849   3342.265      0.002
   135.000    135.000     40.000  14295.500    642.066   3343.485      0.003
   140.000    140.000     40.000  14295.500    665.414   3339.350      0.001
   145.000    145.000     40.000  14295.500    634.284   3344.700      0.002
   150.000    150.000     40.000  14295.500    626.501   3345.845      0.001
   155.000    155.000     40.000  14295.500    634.284   3344.700      0.003
   160.000    160.000     40.000  14295.500    642.066   3343.485      0.003
   165.000    165.000     40.000  14295.500    634.284   3344.700      0.001
   170.000    170.000     40.000  14295.500    634.284   3344.700      0.003
   175.000    175.000     40.000  14295.500    649.849   3342.265      0.001
   180.000    180.000     40.000  14295.500    642.066   3343.485      0.001
   185.000    185.000     40.000  14295.500    649.849   3342.265      0.002
   190.000    190.000     40.000  14295.500    665.414   3339.350      0.002
     0.000      0.000     35.000  12152.700   1217.980   3237.730      0.002
     5.000      5.000     35.000  12152.700   1194.630   3240.725      0.002
    10.000     10.000     35.000  12152.700   1171.280   3243.755      0.002
    15.000     15.000     35.000  12152.700   1140.150   3247.795      0.001
    20.000     20.000     35.000  12152.700   1109.020   3251.825      0.000
    25.000     25.000     35.000  12152.700   1085.675   3254.855      0.002
    30.000     30.000     35.000  12152.700   1031.195   3261.905      0.002
    35.000     35.000     35.000  12152.700    976.720   3268.935      0.000
    40.000     40.000     35.000  12152.700    961.150   3270.950      0.003
    45.000     45.000     35.000  12152.700    945.590   3272.950      0.001
    50.000     50.000     35.000  12152.700    961.150   3270.950      0.002
    55.000     55.000     35.000  12152.700    937.805   3273.955      0.002
    60.000     60.000     35.000  12152.700    883.330   3280.955      0.002
