Z(km) rho(km/m3) Vp(km/s) Vs(km/s) T(Cel)      P(Pascal)             Qp          Qs
0.000 2.800000 6.194836 3.580830 13.003000 13074768.000000 1000.000000 200.000000  
0.476 2.800000 6.194836 3.580830 13.003000 13074768.000000 1000.000000 200.000000  
1.429 2.800000 6.194836 3.580830 38.795000 39251772.000000 1000.000000 200.000000  
1.905 2.800000 6.194836 3.580830 51.526000 52326540.000000 1000.000000 200.000000  
2.381 2.800000 6.194836 3.580830 64.166000 65401308.000000 1000.000000 200.000000  
2.857 2.800000 6.194836 3.580830 76.715000 78476076.000000 1000.000000 200.000000  
3.333 2.800000 6.194836 3.580830 89.174000 91550844.000000 1000.000000 200.000000  
3.81 2.800000 6.194836 3.580830 101.568000 104653080.000000 1000.000000 200.000000  
4.286 2.800000 6.194836 3.580830 113.845000 117727848.000000 1000.000000 200.000000  
5.238 2.800000 6.194836 3.580830 138.155000 143877384.000000 1000.000000 200.000000  
5.714 2.800000 6.194836 3.580830 150.159000 156952152.000000 1000.000000 200.000000  
6.19 2.800000 6.194836 3.580830 162.072000 170026920.000000 1000.000000 200.000000  
6.667 2.800000 6.194836 3.580830 173.918000 183129156.000000 1000.000000 200.000000  
7.619 2.800000 6.194836 3.580830 197.317000 209278692.000000 1000.000000 200.000000  
8.571 2.800000 6.194836 3.580830 220.352000 235428228.000000 1000.000000 200.000000  
9.524 2.800000 6.194836 3.580830 243.045000 261605232.000000 1000.000000 200.000000  
10.476 2.800000 6.194836 3.580830 265.349000 287754768.000000 1000.000000 200.000000  
11.429 2.800000 6.194836 3.580830 287.310000 313931772.000000 1000.000000 200.000000  
12.381 2.800000 6.194836 3.580830 308.882000 340081308.000000 1000.000000 200.000000  
13.333 2.800000 6.194836 3.580830 330.089000 366230844.000000 1000.000000 200.000000  
15 2.800000 6.194836 3.580830 366.418000 412020000.000000 1000.000000 200.000000  
16.19 2.800000 6.194836 3.580830 391.744000 444706920.000000 1000.000000 200.000000  
18.095 2.800000 6.194836 3.580830 431.010000 497033460.000000 1000.000000 200.000000  
20 2.800000 6.194836 3.580830 468.820000 549360000.000000 1000.000000 200.000000  
21.905 2.800000 6.194836 3.580830 505.176000 601686540.000000 1000.000000 200.000000  
23.81 2.800000 6.194836 3.580830 540.079000 654013080.000000 1000.000000 200.000000  
25.714 2.800000 6.194836 3.580830 573.514000 706312152.000000 1000.000000 200.000000  
27.619 2.800000 6.194836 3.580830 605.519000 758638692.000000 1000.000000 200.000000  
29.524 2.800000 6.194836 3.580830 636.076000 810965232.000000 1000.000000 200.000000  
31.429 2.800000 6.194836 3.580830 665.188000 863291772.000000 1000.000000 200.000000  
33.333 2.800000 6.194836 3.580830 692.844000 915590844.000000 1000.000000 200.000000  
35 2.800000 6.194836 3.580830 715.851000 961380000.000000 1000.000000 200.000000  
38.095 3.290403 7.988000 4.561000 740.354000 1061287945.095000 7780.791750 3890.395875  
40.952 3.289893 7.980000 4.552000 762.781000 1153503118.096000 6141.481917 3070.740958  
43.81 3.290048 7.983000 4.548000 785.153000 1245750565.242000 4899.696044 2449.848022  
46.667 3.300945 8.012000 4.556000 807.175000 1338116316.562000 3961.822161 1980.911080  
49.524 3.302101 8.023000 4.554000 828.881000 1430657362.145000 3242.362306 1621.181153  
52.381 3.302517 8.017000 4.547000 850.293000 1523217008.088000 2682.613041 1341.306521  
55.238 3.303337 8.026000 4.546000 871.403000 1615795428.641000 2242.288239 1121.144120  
58.095 3.303419 8.021000 4.539000 892.247000 1708384731.319000 1891.482110 945.741055  
60.952 3.304035 8.028000 4.538000 912.832000 1800992107.140000 1609.173545 804.586773  
63.81 3.304991 8.029000 4.533000 933.200000 1893652494.157000 1379.413214 689.706607  
66.667 3.307604 8.030000 4.529000 953.381000 1986320134.893000 1190.556427 595.278214  
71.429 3.307987 8.030000 4.520000 986.642000 2140843640.571000 944.395269 472.197635  
76.19 3.309282 8.041000 4.517000 1019.507000 2295390698.788000 760.616830 380.308415  
80.952 3.311244 8.039000 4.508000 1052.088000 2450032960.300000 620.634368 310.317184  
85.714 3.311797 8.035000 4.497000 1084.454000 2604733858.143000 512.231424 256.115712  
90.476 3.312720 8.037000 4.490000 1116.761000 2759478165.242000 426.750448 213.375224  
95.238 3.314115 8.040000 4.483000 1149.074000 2914279867.173000 358.488589 179.244295  
100 3.314529 8.033000 4.471000 1181.462000 3069113127.890000 303.336989 151.668494  
104.762 3.315671 8.027000 4.458000 1214.016000 3223989430.412000 258.270239 129.135119  
109.524 3.316724 8.029000 4.451000 1246.829000 3378919131.276000 221.065392 110.532696  
114.286 3.317891 8.029000 4.441000 1279.905000 3533903529.614000 190.170195 95.085098  
120 3.318705 8.014000 4.421000 1320.000000 3719912884.985000 159.685898 79.842949  
123.81 3.332706 8.040000 4.428000 1327.620000 3844422512.550000 159.164268 79.582134  
128.571 3.336946 8.056000 4.431000 1337.142000 4000184536.084000 158.530631 79.265315  
133.333 3.340697 8.063000 4.431000 1346.666000 4156158874.449000 157.915890 78.957945  
138.095 3.344400 8.078000 4.436000 1356.190000 4312310781.392000 157.319588 78.659794  
142.857 3.348489 8.091000 4.438000 1365.714000 4468648188.533000 156.741648 78.370824  
147.619 3.352146 8.098000 4.438000 1375.238000 4625159808.630000 156.181051 78.090525  
152.381 3.355746 8.109000 4.440000 1384.762000 4781843553.198000 155.637261 77.818631  
157.143 3.359727 8.126000 4.446000 1394.286000 4938708303.432000 155.110294 77.555147  
161.905 3.363652 8.133000 4.446000 1400.953000 5095751651.482000 157.031485 78.515743  
166.667 3.368043 8.148000 4.453000 1403.333000 5252993026.080000 162.743846 81.371923  
171.429 3.372813 8.167000 4.461000 1405.715000 5410451812.774000 168.656412 84.328206  
176.19 3.377134 8.181000 4.467000 1408.095000 5568083806.560000 174.777392 87.388696  
180.952 3.381861 8.198000 4.473000 1410.476000 5725963989.325000 181.115135 90.557568  
185.714 3.386163 8.208000 4.477000 1412.857000 5884049216.928000 187.675673 93.837837  
190.476 3.390459 8.223000 4.483000 1415.238000 6042338969.101000 194.466576 97.233288  
195.238 3.395143 8.243000 4.493000 1417.619000 6200842023.831000 201.496238 100.748119  
200 3.399389 8.252000 4.494000 1420.000000 6359548207.010000 208.772173 104.386087  
204.762 3.404027 8.270000 4.502000 1422.381000 6518465721.533000 216.303296 108.151648  
209.524 3.408273 8.282000 4.508000 1424.762000 6677585466.282000 224.097686 112.048843  
214.286 3.412575 8.294000 4.511000 1427.143000 6836908720.577000 232.164363 116.082181  
219.048 3.417209 8.311000 4.519000 1429.524000 6996444391.048000 240.513211 120.256605  
228.571 3.426130 8.337000 4.530000 1434.285000 7316105387.143000 258.093874 129.046937  
238.095 3.435115 8.364000 4.540000 1439.047000 7636634225.539000 276.922323 138.461162  
247.619 3.444216 8.387000 4.550000 1443.810000 7958006408.826000 297.082424 148.541212  
257.143 3.453409 8.414000 4.562000 1448.572000 8280232188.916000 318.670199 159.335100  
266.667 3.462784 8.437000 4.570000 1453.333000 8603324616.101000 341.785517 170.892758  
276.19 3.472266 8.462000 4.581000 1458.095000 8927263701.924000 366.527383 183.263691  
285.714 3.482240 8.485000 4.592000 1462.857000 9252145818.580000 393.020541 196.510270  
290.476 3.487266 8.493000 4.593000 1465.238000 9414937336.625000 406.961083 203.480542  
295.238 3.492618 8.509000 4.600000 1467.619000 9577974722.084000 421.386844 210.693422  
300 3.497815 8.518000 4.606000 1470.000000 9741255629.850000 436.314112 218.157056  
304.762 3.503580 8.530000 4.609000 1472.381000 9904796275.337999 451.762189 225.881094  
314.286 3.519620 8.521000 4.627000 1477.143000 10232890394.701000 484.326641 242.163320  
323.81 3.529529 8.549000 4.637000 1481.905000 10562197882.836000 519.228835 259.614418  
333.333 3.539867 8.576000 4.646000 1486.667000 10892417284.256001 556.586440 278.293220  
342.857 3.550291 8.601000 4.653000 1491.428000 11223639759.735001 596.587888 298.293944  
352.381 3.561458 8.633000 4.663000 1496.190000 11555876361.629000 639.411978 319.705989  
361.905 3.569786 8.653000 4.670000 1500.953000 11889016343.474001 685.232221 342.616110  
371.429 3.577719 8.679000 4.682000 1505.715000 12222918502.864000 734.231675 367.115838  
380.952 3.585791 8.703000 4.693000 1510.476000 12557537608.375999 786.613888 393.306944  
390.476 3.594207 8.729000 4.704000 1515.238000 12892966672.486000 842.617186 421.308593  
400 3.602418 8.752000 4.714000 1520.000000 13229163332.158001 902.478701 451.239351 
