# age(Ma) depth(km) Vs(km/s)
0	400	4.76929759979
5	400	4.77181100845
10	400	4.78008174896
15	400	4.7767663002
20	400	4.77504396439
25	400	4.77775621414
30	400	4.77941131592
35	400	4.7851266861
40	400	4.78765439987
45	400	4.78765535355
50	400	4.7814116478
55	400	4.78295135498
60	400	4.78617095947
65	400	4.79101467133
70	400	4.78807020187
75	400	4.79082584381
80	400	4.78800725937
85	400	4.79121685028
90	400	4.78737258911
95	400	4.7906832695
100	400	4.78982591629
105	400	4.79142999649
110	400	4.79497241974
115	400	4.79226636887
120	400	4.79862689972
125	400	4.79932546616
130	400	4.79118537903
135	400	4.80116510391
140	400	4.79871511459
145	400	4.79272842407
150	400	4.7957983017
155	400	4.81153106689
160	400	4.80600118637
165	400	4.81641721725
170	400	4.81994247437
175	400	4.81829309464
180	400	4.82964897156
185	400	4.84673833847
190	400	4.85940694809
0	395	4.75844573975
5	395	4.76169967651
10	395	4.76743125916
15	395	4.76522541046
20	395	4.76322507858
25	395	4.76353502274
30	395	4.76709651947
35	395	4.77207040787
40	395	4.77430057526
45	395	4.77442598343
50	395	4.77203941345
55	395	4.77363920212
60	395	4.77614927292
65	395	4.77957868576
70	395	4.77744293213
75	395	4.77735137939
80	395	4.77535963058
85	395	4.77629470825
90	395	4.77499723434
95	395	4.77554130554
100	395	4.77523517609
105	395	4.77593421936
110	395	4.77744626999
115	395	4.77703714371
120	395	4.77983570099
125	395	4.78008699417
130	395	4.77787590027
135	395	4.77978467941
140	395	4.77799463272
145	395	4.77723646164
150	395	4.78006982803
155	395	4.78718519211
160	395	4.78813028336
165	395	4.79325294495
170	395	4.79755735397
175	395	4.79971599579
180	395	4.80622053146
185	395	4.81552791595
190	395	4.82320022583
0	390	4.74834823608
5	390	4.75077676773
10	390	4.75747680664
15	390	4.75386762619
20	390	4.75165510178
25	390	4.74989032745
30	390	4.75552511215
35	390	4.76089000702
40	390	4.76257133484
45	390	4.76326370239
50	390	4.76245498657
55	390	4.76529216766
60	390	4.76695632935
65	390	4.77130460739
70	390	4.76760005951
75	390	4.76671409607
80	390	4.76394224167
85	390	4.76470041275
90	390	4.76432132721
95	390	4.76349020004
100	390	4.76317930222
105	390	4.76325559616
110	390	4.76400947571
115	390	4.76397180557
120	390	4.76552963257
125	390	4.76544809341
130	390	4.76644563675
135	390	4.76411581039
140	390	4.76154851913
145	390	4.76470041275
150	390	4.76689052582
155	390	4.76981449127
160	390	4.77308559418
165	390	4.77538013458
170	390	4.78094673157
175	390	4.78468465805
180	390	4.78786993027
185	390	4.79212474823
190	390	4.79489946365
0	385	4.73794126511
5	385	4.7409734726
10	385	4.74639415741
15	385	4.74376058578
20	385	4.74122095108
25	385	4.74049520493
30	385	4.7458319664
35	385	4.75143432617
40	385	4.75374507904
45	385	4.75477647781
50	385	4.7551112175
55	385	4.75841426849
60	385	4.76097631454
65	385	4.76468849182
70	385	4.7620139122
75	385	4.76029777527
80	385	4.75757074356
85	385	4.75797367096
90	385	4.75777101517
95	385	4.75696849823
100	385	4.75656843185
105	385	4.75676822662
110	385	4.75728416443
115	385	4.75762319565
120	385	4.75876522064
125	385	4.75918006897
130	385	4.76007270813
135	385	4.75785493851
140	385	4.75558519363
145	385	4.75812339783
150	385	4.76028394699
155	385	4.7627453804
160	385	4.76581001282
165	385	4.76838588715
170	385	4.77349185944
175	385	4.77725982666
180	385	4.78017520905
185	385	4.78352737427
190	385	4.78587579727
0	380	4.7295050621
5	380	4.73173141479
10	380	4.73894166946
15	380	4.73510456085
20	380	4.73267745972
25	380	4.73207616806
30	380	4.73838806152
35	380	4.74477148056
40	380	4.74700164795
45	380	4.74834346771
50	380	4.74845790863
55	380	4.75319242477
60	380	4.7557425499
65	380	4.76126289368
70	380	4.75766468048
75	380	4.75650405884
80	380	4.75278759003
85	380	4.75408887863
90	380	4.75390052795
95	380	4.75307130814
100	380	4.75269126892
105	380	4.75325632095
110	380	4.75385713577
115	380	4.75424814224
120	380	4.75562477112
125	380	4.75598669052
130	380	4.75767374039
135	380	4.75541400909
140	380	4.75221347809
145	380	4.75528621674
150	380	4.75708580017
155	380	4.75952672958
160	380	4.76272439957
165	380	4.76487445831
170	380	4.77058076859
175	380	4.77408313751
180	380	4.77712869644
185	380	4.78128767014
190	380	4.78379440308
0	375	4.72336244583
5	375	4.72636604309
10	375	4.73178386688
15	375	4.72929143906
20	375	4.72695302963
25	375	4.72703456879
30	375	4.73277759552
35	375	4.73891592026
40	375	4.74157762527
45	375	4.74293804169
50	375	4.74365949631
55	375	4.74797153473
60	375	4.75150203705
65	375	4.75647640228
70	375	4.75416660309
75	375	4.75246953964
80	375	4.74943208694
85	375	4.75011014938
90	375	4.75005435944
95	375	4.74936771393
100	375	4.74905776978
105	375	4.74954843521
110	375	4.75013589859
115	375	4.7506608963
120	375	4.75185203552
125	375	4.75247097015
130	375	4.75362157822
135	375	4.75154972076
140	375	4.74883699417
145	375	4.75106096268
150	375	4.75296640396
155	375	4.75530481339
160	375	4.75822973251
165	375	4.76080274582
170	375	4.76596355438
175	375	4.76959991455
180	375	4.77283239365
185	375	4.7767663002
190	375	4.77949762344
0	370	4.71863269806
5	370	4.72091388702
10	370	4.72741794586
15	370	4.72398471832
20	370	4.72177791595
25	370	4.72159004211
30	370	4.72788572311
35	370	4.73439979553
40	370	4.73668861389
45	370	4.73814582825
50	370	4.73819732666
55	370	4.74320888519
60	370	4.74633455276
65	370	4.75319099426
70	370	4.74972200394
75	370	4.74862289429
80	370	4.74484729767
85	370	4.74621629715
90	370	4.74608325958
95	370	4.74526023865
100	370	4.74490880966
105	370	4.7454624176
110	370	4.74602079391
115	370	4.74636220932
120	370	4.7476644516
125	370	4.74794578552
130	370	4.7496304512
135	370	4.74719190598
140	370	4.74352121353
145	370	4.74655675888
150	370	4.74812746048
155	370	4.75023889542
160	370	4.7532081604
165	370	4.75517749786
170	370	4.7609333992
175	370	4.76419782639
180	370	4.76714801788
185	370	4.77123403549
190	370	4.77350711823
0	365	4.7126083374
5	365	4.71539115906
10	365	4.72028160095
15	365	4.71798992157
20	365	4.71589374542
25	365	4.71632528305
30	365	4.72220516205
35	365	4.728556633
40	365	4.73130130768
45	365	4.73269176483
50	365	4.7333612442
55	365	4.73777627945
60	365	4.74164819717
65	365	4.74740219116
70	365	4.74520778656
75	365	4.74349594116
80	365	4.74041414261
85	365	4.74108076096
90	365	4.74107551575
95	365	4.74040031433
100	365	4.74011516571
105	365	4.74057388306
110	365	4.74112987518
115	365	4.74159049988
120	365	4.74271583557
125	365	4.74325323105
130	365	4.744328022
135	365	4.74205446243
140	365	4.73895120621
145	365	4.74107694626
150	365	4.74273443222
155	365	4.74470090866
160	365	4.74734830856
165	365	4.74972486496
170	365	4.75484323502
175	365	4.75821113586
180	365	4.76124858856
185	365	4.76497840881
190	365	4.76738452911
0	360	4.708091259
5	360	4.7101354599
10	360	4.71617078781
15	360	4.7129740715
20	360	4.71089982986
25	360	4.71097326279
30	360	4.71727609634
35	360	4.72399997711
40	360	4.72631931305
45	360	4.72784090042
50	360	4.72807645798
55	360	4.73325395584
60	360	4.73648929596
65	360	4.74387931824
70	360	4.74046707153
75	360	4.73941421509
80	360	4.73567008972
85	360	4.7368221283
90	360	4.73671150208
95	360	4.73590946198
100	360	4.73563861847
105	360	4.73614168167
110	360	4.73669862747
115	360	4.73692321777
120	360	4.73811531067
125	360	4.73827409744
130	360	4.73981952667
135	360	4.73717451096
140	360	4.73301744461
145	360	4.73599052429
150	360	4.73727703094
155	360	4.73895120621
160	360	4.74164390564
165	360	4.74340677261
170	360	4.74916982651
175	360	4.75208711624
180	360	4.75489044189
185	360	4.75883769989
190	360	4.76077508926
0	355	4.70614719391
5	355	4.70888710022
10	355	4.71382331848
15	355	4.71173286438
20	355	4.70958328247
25	355	4.70953941345
30	355	4.71434307098
35	355	4.71984767914
40	355	4.72210121155
45	355	4.72352743149
50	355	4.72519922256
55	355	4.72999334335
60	355	4.73391437531
65	355	4.73959350586
70	355	4.73809623718
75	355	4.736992836
80	355	4.73460102081
85	355	4.73398160934
90	355	4.73369693756
95	355	4.73317241669
100	355	4.73305654526
105	355	4.73324584961
110	355	4.73372507095
115	355	4.73374891281
120	355	4.73435401917
125	355	4.73446750641
130	355	4.73504209518
135	355	4.73221874237
140	355	4.72860574722
145	355	4.73062705994
150	355	4.73202180862
155	355	4.73354911804
160	355	4.73589658737
165	355	4.73808765411
170	355	4.7431473732
175	355	4.74621105194
180	355	4.74907398224
185	355	4.75266361237
190	355	4.75476932526
0	350	4.70377254486
5	350	4.70586681366
10	350	4.7122836113
15	350	4.70931768417
20	350	4.70712375641
25	350	4.70632410049
30	350	4.71064329147
35	350	4.71585035324
40	350	4.71736335754
45	350	4.71872758865
50	350	4.72100877762
55	350	4.72657632828
60	350	4.72984647751
65	350	4.73642110825
70	350	4.73442745209
75	350	4.73414611816
80	350	4.73226070404
85	350	4.73050069809
90	350	4.73023271561
95	350	4.72979640961
100	350	4.72988557816
105	350	4.72976541519
110	350	4.73042345047
115	350	4.72997522354
120	350	4.73039865494
125	350	4.73006439209
130	350	4.73091554642
135	350	4.72750139236
140	350	4.72276258469
145	350	4.72577142715
150	350	4.72682857513
155	350	4.7280049324
160	350	4.73040962219
165	350	4.73199939728
170	350	4.73775863647
175	350	4.74031591415
180	350	4.74295282364
185	350	4.74680089951
190	350	4.74839878082
0	345	4.69625806808
5	345	4.69886779785
10	345	4.70353078842
15	345	4.7015542984
20	345	4.69946718216
25	345	4.69921255112
30	345	4.70340442657
35	345	4.7085776329
40	345	4.71075201035
45	345	4.71233606339
50	345	4.71469116211
55	345	4.71994543076
60	345	4.72388696671
65	345	4.7297744751
70	345	4.72846794128
75	345	4.72748851776
80	345	4.72524595261
85	345	4.72433805466
90	345	4.72405719757
95	345	4.72365856171
100	345	4.72364902496
105	345	4.72380065918
110	345	4.72428512573
115	345	4.7242603302
120	345	4.72480678558
125	345	4.72480964661
130	345	4.72520685196
135	345	4.72203922272
140	345	4.71800136566
145	345	4.7199587822
150	345	4.72114419937
155	345	4.72227668762
160	345	4.72435283661
165	345	4.72639465332
170	345	4.73144102097
175	345	4.73426961899
180	345	4.73701429367
185	345	4.74048137665
190	345	4.74231338501
0	340	4.68684911728
5	340	4.68870258331
10	340	4.6940612793
15	340	4.69124889374
20	340	4.68941402435
25	340	4.68930053711
30	340	4.69443035126
35	340	4.70072650909
40	340	4.7030172348
45	340	4.70479059219
50	340	4.70658111572
55	340	4.71276760101
60	340	4.71593427658
65	340	4.72387838364
70	340	4.72085189819
75	340	4.7199640274
80	340	4.71662330627
85	340	4.71702480316
90	340	4.71700525284
95	340	4.71646976471
100	340	4.71644258499
105	340	4.71684026718
110	340	4.71746206284
115	340	4.71759653091
120	340	4.71870279312
125	340	4.71869039536
130	340	4.72000646591
135	340	4.71677684784
140	340	4.71169376373
145	340	4.71471643448
150	340	4.71560955048
155	340	4.71643877029
160	340	4.71861410141
165	340	4.72005558014
170	340	4.72587871552
175	340	4.72820472717
180	340	4.7308011055
185	340	4.73453521729
190	340	4.73586082458
0	335	4.67723178864
5	335	4.67948293686
10	335	4.68369913101
15	335	4.68184995651
20	335	4.68019771576
25	335	4.68082380295
30	335	4.6858549118
35	335	4.69201564789
40	335	4.69492197037
45	335	4.69698286057
50	335	4.69958353043
55	335	4.7056221962
60	335	4.70990037918
65	335	4.71660709381
70	335	4.71492433548
75	335	4.71339607239
80	335	4.71036291122
85	335	4.71049642563
90	335	4.71056222916
95	335	4.71015644073
100	335	4.71018314362
105	335	4.71071004868
110	335	4.71133470535
115	335	4.71176576614
120	335	4.71273756027
125	335	4.713139534
130	335	4.71411752701
135	335	4.7113609314
140	335	4.7071185112
145	335	4.70915555954
150	335	4.71026706696
155	335	4.71116924286
160	335	4.7130188942
165	335	4.7149438858
170	335	4.71993112564
175	335	4.72254180908
180	335	4.72521066666
185	335	4.72857666016
190	335	4.73017883301
0	330	4.6687207222
5	330	4.67026472092
10	330	4.67574739456
15	330	4.67314243317
20	330	4.67159080505
25	330	4.6723151207
30	330	4.67773580551
35	330	4.68456411362
40	330	4.68722438812
45	330	4.68947601318
50	330	4.69213628769
55	330	4.69961214066
60	330	4.70316839218
65	330	4.71182775497
70	330	4.7089676857
75	330	4.7080039978
80	330	4.7041015625
85	330	4.70491361618
90	330	4.70501947403
95	330	4.70446681976
100	330	4.70454263687
105	330	4.70524787903
110	330	4.70589637756
115	330	4.70627784729
120	330	4.70732450485
125	330	4.70749378204
130	330	4.70935726166
135	330	4.70672369003
140	330	4.70123672485
145	330	4.70454549789
150	330	4.70545101166
155	330	4.70612573624
160	330	4.70805168152
165	330	4.7094168663
170	330	4.71511936188
175	330	4.71713209152
180	330	4.71964836121
185	330	4.7233080864
190	330	4.72438430786
0	325	4.66090774536
5	325	4.66307258606
10	325	4.66747188568
15	325	4.66582107544
20	325	4.66443681717
25	325	4.66545534134
30	325	4.67060470581
35	325	4.67703819275
40	325	4.68016862869
45	325	4.68263435364
50	325	4.68609523773
55	325	4.69329881668
60	325	4.69807243347
65	325	4.70547771454
70	325	4.70400476456
75	325	4.70244503021
80	325	4.69913196564
85	325	4.69959402084
90	325	4.69981765747
95	325	4.69944620132
100	325	4.69955301285
105	325	4.70023584366
110	325	4.70085048676
115	325	4.7013759613
120	325	4.70233440399
125	325	4.70280647278
130	325	4.70413303375
135	325	4.70175170898
140	325	4.69729137421
145	325	4.69960260391
150	325	4.7008023262
155	325	4.70159101486
160	325	4.70323133469
165	325	4.70506811142
170	325	4.70995759964
175	325	4.7123093605
180	325	4.71484327316
185	325	4.71813631058
190	325	4.7195186615
0	320	4.65221357346
5	320	4.6537065506
10	320	4.65936660767
15	320	4.65687227249
20	320	4.65555286407
25	320	4.6564078331
30	320	4.66176319122
35	320	4.66881799698
40	320	4.67157173157
45	320	4.67403793335
50	320	4.67738389969
55	320	4.68601512909
60	320	4.68976736069
65	320	4.69925403595
70	320	4.6964225769
75	320	4.69540500641
80	320	4.69120025635
85	320	4.69259929657
90	320	4.69291448593
95	320	4.69241189957
100	320	4.69253349304
105	320	4.69334506989
110	320	4.69390678406
115	320	4.6943898201
120	320	4.69552898407
125	320	4.69566965103
130	320	4.69775676727
135	320	4.69546604156
140	320	4.6896147728
145	320	4.69337940216
150	320	4.69441366196
155	320	4.69499921799
160	320	4.69671678543
165	320	4.69803953171
170	320	4.70374298096
175	320	4.70550251007
180	320	4.70786809921
185	320	4.71151971817
190	320	4.71234846115
0	315	4.6391749382
5	315	4.64121103287
10	315	4.64560317993
15	315	4.64407873154
20	315	4.64287090302
25	315	4.64404392242
30	315	4.64916801453
35	315	4.65579128265
40	315	4.65896177292
45	315	4.66158390045
50	315	4.66561412811
55	315	4.67374038696
60	315	4.67882490158
65	315	4.68672323227
70	315	4.68529081345
75	315	4.68361711502
80	315	4.6800532341
85	315	4.68096733093
90	315	4.68140602112
95	315	4.68106651306
100	315	4.68120908737
105	315	4.68196678162
110	315	4.68256616592
115	315	4.6831817627
120	315	4.68421792984
125	315	4.68471002579
130	315	4.68627548218
135	315	4.68416976929
140	315	4.67954540253
145	315	4.68215799332
150	315	4.68353462219
155	315	4.6843419075
160	315	4.68585348129
165	315	4.68769598007
170	315	4.69257926941
175	315	4.69479036331
180	315	4.69722270966
185	315	4.70050811768
190	315	4.70174074173
0	310	4.62464952469
5	310	4.62591218948
10	310	4.6314239502
15	310	4.62911605835
20	310	4.62794733047
25	310	4.62908983231
30	310	4.63440227509
35	310	4.64179849625
40	310	4.64453983307
45	310	4.64710760117
50	310	4.65096521378
55	310	4.66063976288
60	310	4.66461610794
65	310	4.67452001572
70	310	4.67169094086
75	310	4.67056417465
80	310	4.66589593887
85	310	4.66783237457
90	310	4.66828107834
95	310	4.66772651672
100	310	4.66787195206
105	310	4.6687874794
110	310	4.66935586929
115	310	4.66995811462
120	310	4.67116975784
125	310	4.67130947113
130	310	4.6737203598
135	310	4.67181634903
140	310	4.66573429108
145	310	4.66982030869
150	310	4.67105913162
155	310	4.67178201675
160	310	4.67338705063
165	310	4.67481184006
170	310	4.68053531647
175	310	4.68222284317
180	310	4.68453216553
185	310	4.68824195862
190	310	4.68895435333
0	305	4.60941505432
5	305	4.61135530472
10	305	4.61584949493
15	305	4.61446428299
20	305	4.61338472366
25	305	4.61476373672
30	305	4.61996936798
35	305	4.62693405151
40	305	4.63018035889
45	305	4.63300418854
50	305	4.63761901855
55	305	4.64687538147
60	305	4.65243816376
65	305	4.66082906723
70	305	4.65943479538
75	305	4.65762281418
80	305	4.65373563766
85	305	4.65492630005
90	305	4.65549564362
95	305	4.65511083603
100	305	4.65526199341
105	305	4.65610599518
110	305	4.65672397614
115	305	4.6574511528
120	305	4.65853452682
125	305	4.65906620026
130	305	4.66092967987
135	305	4.65916109085
140	305	4.65444135666
145	305	4.65731906891
150	305	4.65892601013
155	305	4.65991926193
160	305	4.66145086288
165	305	4.66338968277
170	305	4.66833925247
175	305	4.67054510117
180	305	4.67299604416
185	305	4.67633199692
190	305	4.67750358582
0	300	4.59437799454
5	300	4.59560871124
10	300	4.60155296326
15	300	4.59938526154
20	300	4.59831476212
25	300	4.59964370728
30	300	4.60503101349
35	300	4.61295461655
40	300	4.61580371857
45	300	4.61871051788
50	300	4.6232419014
55	300	4.63455343246
60	300	4.63907241821
65	300	4.64975786209
70	300	4.64695978165
75	300	4.64574861526
80	300	4.64067840576
85	300	4.64277505875
90	300	4.64330291748
95	300	4.6426448822
100	300	4.64278173447
105	300	4.64380264282
110	300	4.64433050156
115	300	4.6450753212
120	300	4.64629459381
125	300	4.64644193649
130	300	4.64918375015
135	300	4.64772033691
140	300	4.64143514633
145	300	4.64588165283
150	300	4.64735507965
155	300	4.64832735062
160	300	4.64998006821
165	300	4.65150165558
170	300	4.65732336044
175	300	4.65901374817
180	300	4.66138982773
185	300	4.66516780853
190	300	4.66580486298
0	295	4.57811355591
5	295	4.5800151825
10	295	4.58493518829
15	295	4.58392429352
20	295	4.5830655098
25	295	4.5845913887
30	295	4.5899553299
35	295	4.59742975235
40	295	4.60095691681
45	295	4.60435819626
50	295	4.61005401611
55	295	4.62113571167
60	295	4.62754583359
65	295	4.63673686981
70	295	4.63546991348
75	295	4.63359832764
80	295	4.62943601608
85	295	4.63017606735
90	295	4.63069105148
95	295	4.63023710251
100	295	4.63037633896
105	295	4.63127803802
110	295	4.63185691833
115	295	4.63265705109
120	295	4.63372325897
125	295	4.63433694839
130	295	4.63663196564
135	295	4.63534021378
140	295	4.63048839569
145	295	4.63376760483
150	295	4.63565587997
155	295	4.63688516617
160	295	4.6384267807
165	295	4.64042568207
170	295	4.64543581009
175	295	4.64759588242
180	295	4.65011358261
185	295	4.65354204178
190	295	4.6546163559
0	290	4.56332445145
5	290	4.56428050995
10	290	4.57069969177
15	290	4.56907844543
20	290	4.56829738617
25	290	4.56971216202
30	290	4.57520246506
35	290	4.58373308182
40	290	4.58680582047
45	290	4.59036588669
50	290	4.59605836868
55	290	4.60957765579
60	290	4.61467552185
65	290	4.62620306015
70	290	4.62341070175
75	290	4.62219667435
80	290	4.61704587936
85	290	4.61801290512
90	290	4.61853933334
95	290	4.61784887314
100	290	4.61798810959
105	290	4.61908340454
110	290	4.61953115463
115	290	4.6203622818
120	290	4.621509552
125	290	4.62171792984
130	290	4.62499189377
135	290	4.62417697906
140	290	4.6174621582
145	290	4.62253236771
150	290	4.62425708771
155	290	4.62549161911
160	290	4.62703132629
165	290	4.62859630585
170	290	4.63447856903
175	290	4.63601541519
180	290	4.63847494125
185	290	4.64241790771
190	290	4.64286088943
0	285	4.54990768433
5	285	4.55179834366
10	285	4.55709648132
15	285	4.55642938614
20	285	4.55579805374
25	285	4.55737829208
30	285	4.5628490448
35	285	4.57063913345
40	285	4.5743188858
45	285	4.57814836502
50	285	4.5847325325
55	285	4.59707593918
60	285	4.60388565063
65	285	4.61328792572
70	285	4.61200428009
75	285	4.61013460159
80	285	4.60589265823
85	285	4.60590982437
90	285	4.60635232925
95	285	4.6059589386
100	285	4.60618019104
105	285	4.60713291168
110	285	4.60776185989
115	285	4.60860538483
120	285	4.60970067978
125	285	4.61035966873
130	285	4.61292600632
135	285	4.61193037033
140	285	4.6069188118
145	285	4.6105556488
150	285	4.61269283295
155	285	4.61414432526
160	285	4.61566877365
165	285	4.61767673492
170	285	4.62273073196
175	285	4.62486982346
180	285	4.62746620178
185	285	4.63100814819
190	285	4.6320309639
0	280	4.53774785995
5	280	4.53880167007
10	280	4.54561758041
15	280	4.54411172867
20	280	4.54348659515
25	280	4.54485607147
30	280	4.55042791367
35	280	4.55912780762
40	280	4.5621676445
45	280	4.56587314606
50	280	4.5721282959
55	280	4.58633422852
60	280	4.59151601791
65	280	4.60276651382
70	280	4.59992027283
75	280	4.598757267
80	280	4.59375476837
85	280	4.59410476685
90	280	4.59470319748
95	280	4.59417867661
100	280	4.59448099136
105	280	4.59559249878
110	280	4.59622383118
115	280	4.59705781937
120	280	4.59833049774
125	280	4.59849882126
130	280	4.60182142258
135	280	4.60111999512
140	280	4.59423923492
145	280	4.59960222244
150	280	4.60151481628
155	280	4.60300111771
160	280	4.60455846786
165	280	4.60611724854
170	280	4.6120672226
175	280	4.61367845535
180	280	4.61623382568
185	280	4.62029314041
190	280	4.62076807022
0	275	4.52345943451
5	275	4.52547979355
10	275	4.53124141693
15	275	4.53078842163
20	275	4.53024101257
25	275	4.53167152405
30	275	4.53726196289
35	275	4.54529333115
40	275	4.54896640778
45	275	4.55296278
50	275	4.56007575989
55	275	4.57340145111
60	275	4.58067131042
65	275	4.59013462067
70	275	4.58883714676
75	275	4.58706712723
80	275	4.58296394348
85	275	4.58235120773
90	275	4.58279466629
95	275	4.58259391785
100	275	4.58298778534
105	275	4.58399295807
110	275	4.58477973938
115	275	4.5856127739
120	275	4.58674287796
125	275	4.58737516403
130	275	4.59002780914
135	275	4.58924388885
140	275	4.58415460587
145	275	4.58806943893
150	275	4.59042072296
155	275	4.5921049118
160	275	4.59365034103
165	275	4.59565877914
170	275	4.60073423386
175	275	4.60294294357
180	275	4.60568475723
185	275	4.60936403275
190	275	4.61049365997
0	270	4.50969934464
5	270	4.51074886322
10	270	4.5182800293
15	270	4.51708173752
20	270	4.51656913757
25	270	4.51758432388
30	270	4.52341413498
35	270	4.53262996674
40	270	4.53569030762
45	270	4.53970098495
50	270	4.54655647278
55	270	4.56244468689
60	270	4.56847763062
65	270	4.58010864258
70	270	4.57726860046
75	270	4.57624435425
80	270	4.57161045074
85	270	4.57086753845
90	270	4.57152748108
95	270	4.57122468948
100	270	4.57170534134
105	270	4.57281589508
110	270	4.57364273071
115	270	4.57436656952
120	270	4.57560777664
125	270	4.57570075989
130	270	4.5791258812
135	270	4.5788435936
140	270	4.57173871994
145	270	4.57750606537
150	270	4.57960367203
155	270	4.581346035
160	270	4.58283615112
165	270	4.58437204361
170	270	4.5902967453
175	270	4.59195899963
180	270	4.59473323822
185	270	4.59894895554
190	270	4.59957695007
0	265	4.4955124855
5	265	4.49770259857
10	265	4.50421476364
15	265	4.50415039062
20	265	4.50373315811
25	265	4.50486326218
30	265	4.51075839996
35	265	4.51935195923
40	265	4.52326631546
45	265	4.52774143219
50	265	4.53580379486
55	265	4.55065584183
60	265	4.55868721008
65	265	4.56827068329
70	265	4.56697225571
75	265	4.565366745
80	265	4.56150341034
85	265	4.56007051468
90	265	4.56045436859
95	265	4.56046915054
100	265	4.56105709076
105	265	4.56209754944
110	265	4.56302690506
115	265	4.56373500824
120	265	4.56479597092
125	265	4.56527233124
130	265	4.56782674789
135	265	4.5670633316
140	265	4.56173276901
145	265	4.56597948074
150	265	4.56852054596
155	265	4.5703496933
160	265	4.57176017761
165	265	4.57357406616
170	265	4.57871961594
175	265	4.58103847504
180	265	4.58404636383
185	265	4.58788776398
190	265	4.58917188644
0	260	4.4829325676
5	260	4.48404073715
10	260	4.49254894257
15	260	4.49169826508
20	260	4.49143123627
25	260	4.49195766449
30	260	4.49823904037
35	260	4.50816726685
40	260	4.51147842407
45	260	4.51602506638
50	260	4.52397060394
55	260	4.5413942337
60	260	4.5478925705
65	260	4.55916023254
70	260	4.55622339249
75	260	4.55537223816
80	260	4.55122900009
85	260	4.5494966507
90	260	4.55020236969
95	260	4.55016279221
100	260	4.55086326599
105	260	4.55193424225
110	260	4.55295372009
115	260	4.55342721939
120	260	4.55461406708
125	260	4.55442476273
130	260	4.55751228333
135	260	4.55697441101
140	260	4.54935216904
145	260	4.55557250977
150	260	4.55778503418
155	260	4.55963230133
160	260	4.56088495255
165	260	4.56200170517
170	260	4.56817722321
175	260	4.56996154785
180	260	4.57310676575
185	260	4.57745742798
190	260	4.57824611664
0	255	4.46978759766
5	255	4.47221374512
10	255	4.47953462601
15	255	4.479804039
20	255	4.47958517075
25	255	4.48052978516
30	255	4.48683261871
35	255	4.49599790573
40	255	4.50019550323
45	255	4.50517463684
50	255	4.5141582489
55	255	4.53032445908
60	255	4.53894710541
65	255	4.54815006256
70	255	4.54677867889
75	255	4.54534482956
80	255	4.5417804718
85	255	4.53984308243
90	255	4.5402135849
95	255	4.54044389725
100	255	4.54119873047
105	255	4.54219484329
110	255	4.54317092896
115	255	4.54361581802
120	255	4.54447984695
125	255	4.54464483261
130	255	4.54681253433
135	255	4.54580163956
140	255	4.54011917114
145	255	4.54462099075
150	255	4.54731035233
155	255	4.54919624329
160	255	4.55036020279
165	255	4.55190944672
170	255	4.55716609955
175	255	4.55969285965
180	255	4.56297111511
185	255	4.56705474854
190	255	4.56858205795
0	250	4.45789909363
5	250	4.4591460228
10	250	4.46857500076
15	250	4.46790742874
20	250	4.46793413162
25	250	4.46833658218
30	250	4.47513341904
35	250	4.48562002182
40	250	4.48908424377
45	250	4.49402761459
50	250	4.50264310837
55	250	4.5214381218
60	250	4.52879524231
65	250	4.53945827484
70	250	4.53661394119
75	250	4.53596019745
80	250	4.53221797943
85	250	4.53005552292
90	250	4.53078222275
95	250	4.5309548378
100	250	4.53180122375
105	250	4.53272676468
110	250	4.53379297256
115	250	4.53389692307
120	250	4.53483533859
125	250	4.53434419632
130	250	4.53700351715
135	250	4.53640937805
140	250	4.52843570709
145	250	4.53492450714
150	250	4.53726625443
155	250	4.53919124603
160	250	4.54015779495
165	250	4.54111099243
170	250	4.54734420776
175	250	4.54939699173
180	250	4.55271291733
185	250	4.5573925972
190	250	4.55850601196
0	245	4.44428873062
5	245	4.44702482224
10	245	4.45526742935
15	245	4.4558467865
20	245	4.4559879303
25	245	4.4569606781
30	245	4.46384906769
35	245	4.47363948822
40	245	4.47803115845
45	245	4.48334026337
50	245	4.49302482605
55	245	4.51043176651
60	245	4.51982069016
65	245	4.52877521515
70	245	4.52747631073
75	245	4.52631664276
80	245	4.52319049835
85	245	4.52079677582
90	245	4.52112054825
95	245	4.5215587616
100	245	4.52245521545
105	245	4.52336502075
110	245	4.52436161041
115	245	4.52451705933
120	245	4.52511453629
125	245	4.52497339249
130	245	4.52672243118
135	245	4.52554798126
140	245	4.51968860626
145	245	4.52433490753
150	245	4.52710008621
155	245	4.52896213531
160	245	4.5298705101
165	245	4.53133106232
170	245	4.53667640686
175	245	4.53942966461
180	245	4.5428981781
185	245	4.5472984314
190	245	4.54915237427
0	240	4.43194198608
5	240	4.43334722519
10	240	4.44401550293
15	240	4.44354820251
20	240	4.44417095184
25	240	4.44451141357
30	240	4.45214128494
35	240	4.46347951889
40	240	4.46709537506
45	240	4.47234344482
50	240	4.48165750504
55	240	4.50176525116
60	240	4.50984573364
65	240	4.52020978928
70	240	4.5174741745
75	240	4.51711416245
80	240	4.51414680481
85	240	4.51107692719
90	240	4.51176977158
95	240	4.51222896576
100	240	4.51326560974
105	240	4.51408529282
110	240	4.51531028748
115	240	4.51516199112
120	240	4.51591110229
125	240	4.51521348953
130	240	4.51741266251
135	240	4.51662731171
140	240	4.50851011276
145	240	4.5151309967
150	240	4.51748800278
155	240	4.51934242249
160	240	4.51997995377
165	240	4.5209107399
170	240	4.52725315094
175	240	4.52951478958
180	240	4.53297948837
185	240	4.53797721863
190	240	4.53939056396
0	235	4.41846656799
5	235	4.4214258194
10	235	4.43064308167
15	235	4.4315662384
20	235	4.43223381042
25	235	4.43349695206
30	235	4.44126605988
35	235	4.45184516907
40	235	4.45663356781
45	235	4.46241092682
50	235	4.47292280197
55	235	4.49144172668
60	235	4.5011715889
65	235	4.50986623764
70	235	4.50863170624
75	235	4.50778150558
80	235	4.50521612167
85	235	4.50206947327
90	235	4.50235176086
95	235	4.50305843353
100	235	4.50415372849
105	235	4.50511646271
110	235	4.50616693497
115	235	4.50628328323
120	235	4.5068063736
125	235	4.50664901733
130	235	4.50825166702
135	235	4.50678443909
140	235	4.50072813034
145	235	4.50552892685
150	235	4.50835704803
155	235	4.51014566422
160	235	4.5107884407
165	235	4.51215982437
170	235	4.51753807068
175	235	4.52039432526
180	235	4.52404069901
185	235	4.52872180939
190	235	4.53082227707
0	230	4.4071803093
5	230	4.40857744217
10	230	4.42031002045
15	230	4.41999721527
20	230	4.42117404938
25	230	4.42182350159
30	230	4.43049526215
35	230	4.44255685806
40	230	4.44666242599
45	230	4.452460289
50	230	4.46267366409
55	230	4.48391342163
60	230	4.49187326431
65	230	4.50170850754
70	230	4.49896669388
75	230	4.4988155365
80	230	4.49664497375
85	230	4.49235010147
90	230	4.49316930771
95	230	4.49398565292
100	230	4.49525785446
105	230	4.49627304077
110	230	4.49748945236
115	230	4.49748802185
120	230	4.49821519852
125	230	4.49772834778
130	230	4.50012350082
135	230	4.49894475937
140	230	4.49052906036
145	230	4.49746465683
150	230	4.49992275238
155	230	4.50172233582
160	230	4.50204563141
165	230	4.50281763077
170	230	4.50909996033
175	230	4.51132392883
180	230	4.51496601105
185	230	4.52022361755
190	230	4.52179193497
0	225	4.39510822296
5	225	4.39877223969
10	225	4.40877151489
15	225	4.40994310379
20	225	4.41092634201
25	225	4.41241359711
30	225	4.42104673386
35	225	4.43225431442
40	225	4.43753147125
45	225	4.4438586235
50	225	4.45522212982
55	225	4.47454977036
60	225	4.48420238495
65	225	4.49213933945
70	225	4.49050807953
75	225	4.48988389969
80	225	4.48792123795
85	225	4.48347377777
90	225	4.48372888565
95	225	4.48491859436
100	225	4.48640012741
105	225	4.4877409935
110	225	4.4889216423
115	225	4.48918581009
120	225	4.48962402344
125	225	4.48965120316
130	225	4.49143838882
135	225	4.48984909058
140	225	4.48362493515
145	225	4.48870229721
150	225	4.4916100502
155	225	4.49323987961
160	225	4.49353218079
165	225	4.49461078644
170	225	4.49985933304
175	225	4.50254631042
180	225	4.50634050369
185	225	4.51120615005
190	225	4.51336669922
0	220	4.38137197495
5	220	4.38397598267
10	220	4.39640760422
15	220	4.39638900757
20	220	4.39790964127
25	220	4.39865207672
30	220	4.4084687233
35	220	4.42122602463
40	220	4.42596769333
45	220	4.43245697021
50	220	4.44383621216
55	220	4.4662437439
60	220	4.47469854355
65	220	4.48379182816
70	220	4.48055458069
75	220	4.48078727722
80	220	4.47979354858
85	220	4.47324323654
90	220	4.47416591644
95	220	4.47565603256
100	220	4.47731351852
105	220	4.47885656357
110	220	4.48018503189
115	220	4.48033809662
120	220	4.48068857193
125	220	4.48034906387
130	220	4.48292922974
135	220	4.48185682297
140	220	4.47327899933
145	220	4.48061132431
150	220	4.48308849335
155	220	4.48460245132
160	220	4.48446702957
165	220	4.48479986191
170	220	4.49097633362
175	220	4.49280691147
180	220	4.49663209915
185	220	4.50202465057
190	220	4.50350952148
0	215	4.35907030106
5	215	4.3626742363
10	215	4.37347650528
15	215	4.37545394897
20	215	4.37721729279
25	215	4.37953710556
30	215	4.38987541199
35	215	4.40250062943
40	215	4.40900373459
45	215	4.41670703888
50	215	4.43009138107
55	215	4.452064991
60	215	4.46381044388
65	215	4.47242593765
70	215	4.47122526169
75	215	4.47127389908
80	215	4.47008991241
85	215	4.46405792236
90	215	4.46409797668
95	215	4.46571111679
100	215	4.46750116348
105	215	4.46907281876
110	215	4.47027921677
115	215	4.47042131424
120	215	4.47047376633
125	215	4.47049427032
130	215	4.47240209579
135	215	4.47107505798
140	215	4.46484041214
145	215	4.47018671036
150	215	4.47311735153
155	215	4.47442722321
160	215	4.47412014008
165	215	4.47473430634
170	215	4.47977113724
175	215	4.48216533661
180	215	4.48596048355
185	215	4.49093484879
190	215	4.49305295944
0	210	4.35785770416
5	210	4.35864067078
10	210	4.37141275406
15	210	4.37183618546
20	210	4.3737616539
25	210	4.37468671799
30	210	4.38561153412
35	210	4.3991150856
40	210	4.40449476242
45	210	4.41162443161
50	210	4.42402505875
55	210	4.44762849808
60	210	4.45667219162
65	210	4.46501779556
70	210	4.46197748184
75	210	4.46282911301
80	210	4.46308708191
85	210	4.45478487015
90	210	4.45565843582
95	210	4.45761203766
100	210	4.45952558517
105	210	4.46104049683
110	210	4.462413311
115	210	4.46226072311
120	210	4.46207523346
125	210	4.46143436432
130	210	4.46358442307
135	210	4.46263599396
140	210	4.45382881165
145	210	4.46136426926
150	210	4.4638171196
155	210	4.46497249603
160	210	4.46407651901
165	210	4.46401834488
170	210	4.46997976303
175	210	4.47144365311
180	210	4.47510385513
185	210	4.48061800003
190	210	4.48202753067
0	205	4.40062713623
5	205	4.40403366089
10	205	4.41132164001
15	205	4.4111328125
20	205	4.41153860092
25	205	4.41085004807
30	205	4.41680765152
35	205	4.42616319656
40	205	4.43094015121
45	205	4.4361987114
50	205	4.44729423523
55	205	4.45874977112
60	205	4.45979309082
65	205	4.45896911621
70	205	4.45607805252
75	205	4.45679330826
80	205	4.45735788345
85	205	4.45071125031
90	205	4.45086956024
95	205	4.45334434509
100	205	4.45584964752
105	205	4.45721387863
110	205	4.45927047729
115	205	4.45890474319
120	205	4.45889282227
125	205	4.45768451691
130	205	4.45731639862
135	205	4.45461082458
140	205	4.44806289673
145	205	4.45349979401
150	205	4.45613336563
155	205	4.45690155029
160	205	4.45603179932
165	205	4.45678520203
170	205	4.46134614944
175	205	4.46295261383
180	205	4.46652650833
185	205	4.47146368027
190	205	4.4734916687
0	200	4.42697238922
5	200	4.43124103546
10	200	4.43701982498
15	200	4.43437433243
20	200	4.43514347076
25	200	4.43164968491
30	200	4.43452072144
35	200	4.44275903702
40	200	4.44630813599
45	200	4.44911003113
50	200	4.46109294891
55	200	4.46529626846
60	200	4.45792007446
65	200	4.4504108429
70	200	4.44681930542
75	200	4.44849491119
80	200	4.45160245895
85	200	4.44264411926
90	200	4.44379425049
95	200	4.44711732864
100	200	4.45035982132
105	200	4.45095968246
110	200	4.45466375351
115	200	4.45335865021
120	200	4.45427656174
125	200	4.45212316513
130	200	4.45067024231
135	200	4.44758749008
140	200	4.43881130219
145	200	4.44668865204
150	200	4.44867992401
155	200	4.44918727875
160	200	4.44768285751
165	200	4.44855642319
170	200	4.45378160477
175	200	4.45396995544
180	200	4.45757722855
185	200	4.46300172806
190	200	4.46427583694
0	195	4.37224149704
5	195	4.37642049789
10	195	4.38454055786
15	195	4.3848938942
20	195	4.38588809967
25	195	4.38555717468
30	195	4.3922328949
35	195	4.40229701996
40	195	4.40818595886
45	195	4.41431951523
50	195	4.42650318146
55	195	4.43845367432
60	195	4.43872642517
65	195	4.43628072739
70	195	4.43301582336
75	195	4.43430376053
80	195	4.43583345413
85	195	4.42855834961
90	195	4.42904520035
95	195	4.43239402771
100	195	4.43545150757
105	195	4.4374423027
110	195	4.43989133835
115	195	4.43998908997
120	195	4.44025850296
125	195	4.43922185898
130	195	4.43914651871
135	195	4.43655776978
140	195	4.42990255356
145	195	4.43602132797
150	195	4.43887901306
155	195	4.43934774399
160	195	4.43785810471
165	195	4.43829345703
170	195	4.4427614212
175	195	4.44393920898
180	195	4.44738340378
185	195	4.4524512291
190	195	4.45428657532
0	190	4.30237531662
5	190	4.30459785461
10	190	4.31899452209
15	190	4.3203754425
20	190	4.32360506058
25	190	4.32513380051
30	190	4.33768081665
35	190	4.35246229172
40	190	4.36022520065
45	190	4.36889982224
50	190	4.38364696503
55	190	4.40829753876
60	190	4.41570854187
65	190	4.42028570175
70	190	4.41670036316
75	190	4.41878652573
80	190	4.42153787613
85	190	4.41106033325
90	190	4.41265630722
95	190	4.41649246216
100	190	4.41927862167
105	190	4.42204809189
110	190	4.42400455475
115	190	4.42471170425
120	190	4.42491292953
125	190	4.42441892624
130	190	4.42711830139
135	190	4.42635965347
140	190	4.4169421196
145	190	4.42606830597
150	190	4.42884397507
155	190	4.42931604385
160	190	4.42699575424
165	190	4.42627286911
170	190	4.43212795258
175	190	4.43246030807
180	190	4.43581342697
185	190	4.44168043137
190	190	4.44251394272
0	185	4.27915668488
5	185	4.28484773636
10	185	4.29719877243
15	185	4.30090427399
20	185	4.30444908142
25	185	4.30816364288
30	185	4.3208937645
35	185	4.33567523956
40	185	4.34533452988
45	185	4.35571146011
50	185	4.37262153625
55	185	4.39543771744
60	185	4.40446901321
65	185	4.40788650513
70	185	4.40591192245
75	185	4.40803337097
80	185	4.40993785858
85	185	4.40092420578
90	185	4.40152645111
95	185	4.40545082092
100	185	4.40874814987
105	185	4.41174554825
110	185	4.41383552551
115	185	4.41469573975
120	185	4.4148774147
125	185	4.41495370865
130	185	4.4171538353
135	185	4.41587686539
140	185	4.4091129303
145	185	4.41591787338
150	185	4.41915178299
155	185	4.41934871674
160	185	4.41705656052
165	185	4.41647529602
170	185	4.42080640793
175	185	4.42151212692
180	185	4.42478609085
185	185	4.42990207672
190	185	4.43128919601
0	180	4.28174257278
5	180	4.28729391098
10	180	4.30088806152
15	180	4.30342817307
20	180	4.30742168427
25	180	4.31004238129
30	180	4.32351255417
35	180	4.33887958527
40	180	4.34794807434
45	180	4.35758876801
50	180	4.3744931221
55	180	4.39760875702
60	180	4.40235948563
65	180	4.40319633484
70	180	4.39959478378
75	180	4.40279340744
80	180	4.40751028061
85	180	4.39425754547
90	180	4.39632558823
95	180	4.4011464119
100	180	4.40456724167
105	180	4.4078130722
110	180	4.41014099121
115	180	4.41093921661
120	180	4.41095876694
125	180	4.41050672531
130	180	4.41328334808
135	180	4.41231918335
140	180	4.40243816376
145	180	4.41187953949
150	180	4.414498806
155	180	4.4143409729
160	180	4.41124629974
165	180	4.40990591049
170	180	4.41514110565
175	180	4.41398096085
180	180	4.41715764999
185	180	4.42278385162
190	180	4.42291307449
0	175	4.28317975998
5	175	4.29023075104
10	175	4.30157804489
15	175	4.30578947067
20	175	4.30983543396
25	175	4.31430768967
30	175	4.32732772827
35	175	4.34215068817
40	175	4.35242986679
45	175	4.3632683754
50	175	4.38078737259
55	175	4.40076303482
60	175	4.40570449829
65	175	4.40470933914
70	175	4.4019203186
75	175	4.40498304367
80	175	4.40820598602
85	175	4.39768695831
90	175	4.39867210388
95	175	4.40357637405
100	175	4.40756225586
105	175	4.41107654572
110	175	4.41344356537
115	175	4.41427326202
120	175	4.41421937943
125	175	4.41423845291
130	175	4.41643381119
135	175	4.4150390625
140	175	4.40767908096
145	175	4.41464757919
150	175	4.41758298874
155	175	4.41704034805
160	175	4.41390705109
165	175	4.4126496315
170	175	4.4160823822
175	175	4.41522407532
180	175	4.41807889938
185	175	4.42283391953
190	175	4.42352247238
0	170	4.28451633453
5	170	4.29073524475
10	170	4.30314016342
15	170	4.30704593658
20	170	4.31197738647
25	170	4.3162984848
30	170	4.33081245422
35	170	4.34677648544
40	170	4.35713911057
45	170	4.36774492264
50	170	4.3864736557
55	170	4.40805864334
60	170	4.41078233719
65	170	4.40833044052
70	170	4.40485477448
75	170	4.40926361084
80	170	4.41558790207
85	170	4.40087413788
90	170	4.40380001068
95	170	4.40978002548
100	170	4.41385221481
105	170	4.4177942276
110	170	4.42039394379
115	170	4.42130088806
120	170	4.4212436676
125	170	4.42113399506
130	170	4.42446613312
135	170	4.4240527153
140	170	4.41331005096
145	170	4.42334318161
150	170	4.4256772995
155	170	4.42474222183
160	170	4.42075872421
165	170	4.41884756088
170	170	4.42327451706
175	170	4.4201631546
180	170	4.42310333252
185	170	4.42833614349
190	170	4.42761802673
0	165	4.28286314011
5	165	4.29034376144
10	165	4.30161380768
15	165	4.30700826645
20	165	4.3122754097
25	165	4.31833124161
30	165	4.33255672455
35	165	4.34821939468
40	165	4.3600230217
45	165	4.37231063843
50	165	4.39147663116
55	165	4.41039085388
60	165	4.41324138641
65	165	4.41022443771
70	165	4.407725811
75	165	4.412296772
80	165	4.41709566116
85	165	4.40642738342
90	165	4.40825033188
95	165	4.4144525528
100	165	4.41940450668
105	165	4.42387294769
110	165	4.42688560486
115	165	4.42828273773
120	165	4.42880678177
125	165	4.42941427231
130	165	4.43246412277
135	165	4.43133544922
140	165	4.42358541489
145	165	4.43107461929
150	165	4.43390655518
155	165	4.43277215958
160	165	4.42902326584
165	165	4.42736816406
170	165	4.43008041382
175	165	4.42761278152
180	165	4.43005132675
185	165	4.43417406082
190	165	4.43390130997
0	160	4.28205347061
5	160	4.28886651993
10	160	4.30172538757
15	160	4.30685377121
20	160	4.31290102005
25	160	4.31864738464
30	160	4.3342871666
35	160	4.35077857971
40	160	4.3628411293
45	160	4.37480688095
50	160	4.39542865753
55	160	4.41549253464
60	160	4.41552972794
65	160	4.41138887405
70	160	4.40840482712
75	160	4.41456508636
80	160	4.42277336121
85	160	4.40823841095
90	160	4.41207408905
95	160	4.41958713531
100	160	4.42472410202
105	160	4.42988729477
110	160	4.43336486816
115	160	4.43518877029
120	160	4.4362449646
125	160	4.43671560287
130	160	4.44126319885
135	160	4.440741539
140	160	4.42952919006
145	160	4.44038772583
150	160	4.44267416
155	160	4.44120168686
160	160	4.43678331375
165	160	4.43474769592
170	160	4.43875741959
175	160	4.43380975723
180	160	4.43661928177
185	160	4.44098091125
190	160	4.43906736374
0	155	4.2821893692
5	155	4.29026460648
10	155	4.30175638199
15	155	4.30818605423
20	155	4.31453466415
25	155	4.32211732864
30	155	4.33743047714
35	155	4.35374355316
40	155	4.36694192886
45	155	4.38055419922
50	155	4.40103816986
55	155	4.41861581802
60	155	4.41912937164
65	155	4.41448020935
70	155	4.41235733032
75	155	4.41841220856
80	155	4.424680233
85	155	4.41423654556
90	155	4.41688346863
95	155	4.42434978485
100	155	4.43032979965
105	155	4.43583679199
110	155	4.43959999084
115	155	4.44174814224
120	155	4.44310474396
125	155	4.44438695908
130	155	4.4484372139
135	155	4.44737768173
140	155	4.43918561935
145	155	4.44715309143
150	155	4.44991159439
155	155	4.44828176498
160	155	4.44402122498
165	155	4.44204282761
170	155	4.44420194626
175	155	4.44030332565
180	155	4.44240999222
185	155	4.4457859993
190	155	4.44443035126
0	150	4.28333902359
5	150	4.29092264175
10	150	4.30338382721
15	150	4.30961894989
20	150	4.31654167175
25	150	4.3241724968
30	150	4.34094572067
35	150	4.35794353485
40	150	4.37132740021
45	150	4.38436365128
50	150	4.40648126602
55	150	4.42513942719
60	150	4.42317771912
65	150	4.41730642319
70	150	4.41478872299
75	150	4.42222976685
80	150	4.43169927597
85	150	4.41682004929
90	150	4.42142724991
95	150	4.43003463745
100	150	4.43595743179
105	150	4.44195461273
110	150	4.44586753845
115	150	4.44812631607
120	150	4.44967985153
125	150	4.45060777664
130	150	4.45619344711
135	150	4.45580768585
140	150	4.44376516342
145	150	4.45516967773
150	150	4.45725631714
155	150	4.45521688461
160	150	4.45012378693
165	150	4.44761610031
170	150	4.45115566254
175	150	4.44461393356
180	150	4.44738483429
185	150	4.45109415054
190	150	4.44812583923
0	145	4.28223848343
5	145	4.29093408585
10	145	4.30250883102
15	145	4.30988359451
20	145	4.31721830368
25	145	4.32633876801
30	145	4.34301042557
35	145	4.36019659042
40	145	4.37460803986
45	145	4.38929414749
50	145	4.41072750092
55	145	4.42742204666
60	145	4.42653417587
65	145	4.42081260681
70	145	4.41900682449
75	145	4.42609024048
80	145	4.43330001831
85	145	4.42313289642
90	145	4.42639541626
95	145	4.43480157852
100	145	4.44152879715
105	145	4.44764566422
110	145	4.45189476013
115	145	4.45438528061
120	145	4.45625972748
125	145	4.45788240433
130	145	4.46252536774
135	145	4.46144485474
140	145	4.45274353027
145	145	4.46098947525
150	145	4.4636220932
155	145	4.46153593063
160	145	4.45672750473
165	145	4.454246521
170	145	4.45594549179
175	145	4.45093917847
180	145	4.45286989212
185	145	4.45565366745
190	145	4.45341396332
0	140	4.28049325943
5	140	4.288875103
10	140	4.30165576935
15	140	4.3090801239
20	140	4.31699895859
25	140	4.32607650757
30	140	4.34458494186
35	140	4.36264324188
40	140	4.37736415863
45	140	4.3914399147
50	140	4.41448068619
55	140	4.43248605728
60	140	4.42973852158
65	140	4.42336082458
70	140	4.42133235931
75	140	4.42984628677
80	140	4.44027900696
85	140	4.42626047134
90	140	4.43154335022
95	140	4.44124698639
100	140	4.44799232483
105	140	4.45453119278
110	140	4.45916032791
115	140	4.46176528931
120	140	4.46416807175
125	140	4.46530485153
130	140	4.47141838074
135	140	4.47093629837
140	140	4.45842885971
145	140	4.47027778625
150	140	4.47229385376
155	140	4.4698843956
160	140	4.46438789368
165	140	4.46137619019
170	140	4.4647154808
175	140	4.45701122284
180	140	4.45980358124
185	140	4.46280670166
190	140	4.45894289017
0	135	4.27679729462
5	135	4.2862405777
10	135	4.29849100113
15	135	4.30710983276
20	135	4.31577825546
25	135	4.32672166824
30	135	4.34538030624
35	135	4.36389493942
40	135	4.37982797623
45	135	4.3957529068
50	135	4.41784095764
55	135	4.43417692184
60	135	4.43306255341
65	135	4.4273648262
70	135	4.4263510704
75	135	4.43473243713
80	135	4.44318437576
85	135	4.43454837799
90	135	4.43888092041
95	135	4.44865465164
100	135	4.45644044876
105	135	4.46338224411
110	135	4.46842813492
115	135	4.47164154053
120	135	4.47459793091
125	135	4.47679281235
130	135	4.48225641251
135	135	4.48133897781
140	135	4.47244548798
145	135	4.48109197617
150	135	4.48368310928
155	135	4.48124790192
160	135	4.47602319717
165	135	4.47311449051
170	135	4.47450304031
175	135	4.46842050552
180	135	4.47003412247
185	135	4.47198724747
190	135	4.46870613098
0	130	4.27490520477
5	130	4.28403759003
10	130	4.29762077332
15	130	4.30644750595
20	130	4.3158364296
25	130	4.32710695267
30	130	4.34795808792
35	130	4.36720561981
40	130	4.38365650177
45	130	4.39912939072
50	130	4.42264938354
55	130	4.44022464752
60	130	4.43776702881
65	130	4.43172264099
70	130	4.43075656891
75	130	4.44079256058
80	130	4.45240783691
85	130	4.44054460526
90	130	4.44684457779
95	130	4.45820379257
100	130	4.46608734131
105	130	4.47361564636
110	130	4.47907066345
115	130	4.48255395889
120	130	4.48644638062
125	130	4.48823165894
130	130	4.49577713013
135	130	4.49566507339
140	130	4.48292255402
145	130	4.4954199791
150	130	4.49734020233
155	130	4.49453020096
160	130	4.48858499527
165	130	4.48516225815
170	130	4.48837471008
175	130	4.4792137146
180	130	4.48176956177
185	130	4.48373937607
190	130	4.47863864899
0	125	4.27569437027
5	125	4.28604650497
10	125	4.29924678802
15	125	4.30910015106
20	125	4.31924819946
25	125	4.33221292496
30	125	4.35298252106
35	125	4.37276363373
40	125	4.3901181221
45	125	4.40718078613
50	125	4.42948770523
55	125	4.44557142258
60	125	4.44478940964
65	125	4.43979740143
70	125	4.43974637985
75	125	4.44921731949
80	125	4.45860528946
85	125	4.45135164261
90	125	4.45656204224
95	125	4.46742105484
100	125	4.47609472275
105	125	4.48391008377
110	125	4.48960590363
115	125	4.49368858337
120	125	4.49777650833
125	125	4.50078392029
130	125	4.50764465332
135	125	4.5072221756
140	125	4.49807262421
145	125	4.50722408295
150	125	4.50980901718
155	125	4.50705432892
160	125	4.50139570236
165	125	4.49819278717
170	125	4.49940443039
175	125	4.49232053757
180	125	4.49354457855
185	125	4.49473667145
190	125	4.4903383255
0	120	4.27674007416
5	120	4.28692340851
10	120	4.30157899857
15	120	4.31150150299
20	120	4.32223796844
25	120	4.33537149429
30	120	4.35832262039
35	120	4.37857294083
40	120	4.39624786377
45	120	4.41278266907
50	120	4.43623447418
55	120	4.45365095139
60	120	4.45187187195
65	120	4.44708681107
70	120	4.44702625275
75	120	4.45774459839
80	120	4.4697675705
85	120	4.45878887177
90	120	4.46554136276
95	120	4.4774723053
100	120	4.48585128784
105	120	4.49416160583
110	120	4.49992990494
115	120	4.50420808792
120	120	4.50899457932
125	120	4.51137781143
130	120	4.52065896988
135	120	4.52110719681
140	120	4.50763702393
145	120	4.52090930939
150	120	4.5228471756
155	120	4.5197968483
160	120	4.51340293884
165	120	4.50980424881
170	120	4.51307344437
175	120	4.50290203094
180	120	4.50522232056
185	120	4.50668621063
190	120	4.5004734993
0	115	4.27269268036
5	115	4.28391456604
10	115	4.29859542847
15	115	4.30962657928
20	115	4.32126092911
25	115	4.33613634109
30	115	4.35913228989
35	115	4.38011312485
40	115	4.39874315262
45	115	4.41686296463
50	115	4.43901109695
55	115	4.45560503006
60	115	4.45658636093
65	115	4.45383787155
70	115	4.45499897003
75	115	4.4649887085
80	115	4.47458648682
85	115	4.46868658066
90	115	4.47441864014
95	115	4.48567485809
100	115	4.49475240707
105	115	4.50325345993
110	115	4.50928878784
115	115	4.5141749382
120	115	4.51918268204
125	115	4.52310609818
130	115	4.53177928925
135	115	4.53213310242
140	115	4.52249193192
145	115	4.53234195709
150	115	4.53508329391
155	115	4.53214979172
160	115	4.52614116669
165	115	4.5229177475
170	115	4.52399587631
175	115	4.51587820053
180	115	4.51663970947
185	115	4.51728153229
190	115	4.51185846329
0	110	4.27002668381
5	110	4.28061103821
10	110	4.29735612869
15	110	4.30829524994
20	110	4.32057476044
25	110	4.33554792404
30	110	4.36113643646
35	110	4.38237190247
40	110	4.40140867233
45	110	4.41929721832
50	110	4.44200897217
55	110	4.46048879623
60	110	4.46163654327
65	110	4.46026992798
70	110	4.46153974533
75	110	4.47266435623
80	110	4.48441743851
85	110	4.47602748871
90	110	4.48323726654
95	110	4.49552583694
100	110	4.50422763824
105	110	4.51336622238
110	110	4.51930999756
115	110	4.52454328537
120	110	4.53033590317
125	110	4.53354549408
130	110	4.54511213303
135	110	4.54659366608
140	110	4.53222751617
145	110	4.54664421082
150	110	4.5487241745
155	110	4.5455160141
160	110	4.53872394562
165	110	4.53531503677
170	110	4.53845882416
175	110	4.5267996788
180	110	4.52866840363
185	110	4.52962207794
190	110	4.52229499817
0	105	4.27164840698
5	105	4.28373908997
10	105	4.30005168915
15	105	4.31203842163
20	105	4.32496929169
25	105	4.34128808975
30	105	4.36629533768
35	105	4.38831520081
40	105	4.40788078308
45	105	4.42671775818
50	105	4.44821500778
55	105	4.46603107452
60	105	4.47006511688
65	105	4.47026491165
70	105	4.47268819809
75	105	4.48296117783
80	105	4.49265384674
85	105	4.48891878128
90	105	4.4952082634
95	105	4.50678157806
100	105	4.51615858078
105	105	4.52508163452
110	105	4.53147172928
115	105	4.53709316254
120	105	4.54304981232
125	105	4.54765892029
130	105	4.557929039
135	105	4.55917549133
140	105	4.54942941666
145	105	4.55981731415
150	105	4.56265926361
155	105	4.55959320068
160	105	4.55339193344
165	105	4.55015516281
170	105	4.55088233948
175	105	4.54177188873
180	105	4.54218959808
185	105	4.54245328903
190	105	4.53632640839
0	100	4.27510356903
5	100	4.28666400909
10	100	4.30499601364
15	100	4.31651878357
20	100	4.32994794846
25	100	4.34577417374
30	100	4.37318372726
35	100	4.39526176453
40	100	4.41491127014
45	100	4.43342065811
50	100	4.45480394363
55	100	4.47466182709
60	100	4.47918558121
65	100	4.48048400879
70	100	4.4827208519
75	100	4.49399375916
80	100	4.50558805466
85	100	4.50000524521
90	100	4.50735187531
95	100	4.51992559433
100	100	4.52891349792
105	100	4.53814029694
110	100	4.54451227188
115	100	4.55025672913
120	100	4.55702495575
125	100	4.56021404266
130	100	4.57289552689
135	100	4.57502412796
140	100	4.56080389023
145	100	4.57549095154
150	100	4.57755613327
155	100	4.57423019409
160	100	4.56738042831
165	100	4.5638794899
170	100	4.56661701202
175	100	4.5541973114
180	100	4.55615377426
185	100	4.55695199966
190	100	4.54918432236
0	95	4.27356290817
5	95	4.28654384613
10	95	4.30462217331
15	95	4.31750297546
20	95	4.33151674271
25	95	4.34877252579
30	95	4.37557649612
35	95	4.39878368378
40	95	4.41924095154
45	95	4.43868017197
50	95	4.45950555801
55	95	4.47897529602
60	95	4.4863243103
65	95	4.48979043961
70	95	4.4935669899
75	95	4.50409603119
80	95	4.51411437988
85	95	4.51318979263
90	95	4.51993989944
95	95	4.53177642822
100	95	4.54151821136
105	95	4.55040597916
110	95	4.55742454529
115	95	4.56343221664
120	95	4.57020664215
125	95	4.57461071014
130	95	4.58514547348
135	95	4.58661079407
140	95	4.57702302933
145	95	4.58770942688
150	95	4.59066867828
155	95	4.58762359619
160	95	4.5814204216
165	95	4.57800006866
170	95	4.57841920853
175	95	4.56883621216
180	95	4.56958913803
185	95	4.56980371475
190	95	4.5631980896
0	90	4.27427864075
5	90	4.28609609604
10	90	4.30664730072
15	90	4.31891775131
20	90	4.33349847794
25	90	4.35001516342
30	90	4.37951946259
35	90	4.40282297134
40	90	4.42351102829
45	90	4.44294643402
50	90	4.46322011948
55	90	4.48496198654
60	90	4.49274539948
65	90	4.49807786942
70	90	4.50169610977
75	90	4.51306962967
80	90	4.52455806732
85	90	4.5230922699
90	90	4.53043842316
95	90	4.54319095612
100	90	4.55278730392
105	90	4.56155872345
110	90	4.56900215149
115	90	4.57475280762
120	90	4.58267307281
125	90	4.58522939682
130	90	4.59781551361
135	90	4.59991931915
140	90	4.58580589294
145	90	4.60094404221
150	90	4.60323286057
155	90	4.60003948212
160	90	4.59327745438
165	90	4.58951854706
170	90	4.59210157394
175	90	4.57915115356
180	90	4.58194112778
185	90	4.58270359039
190	90	4.5742149353
0	85	4.27947711945
5	85	4.29280757904
10	85	4.31155776978
15	85	4.32501173019
20	85	4.33980894089
25	85	4.35775661469
30	85	4.3857254982
35	85	4.40953779221
40	85	4.43039655685
45	85	4.4499335289
50	85	4.46956348419
55	85	4.48972320557
60	85	4.49955797195
65	85	4.50580787659
70	85	4.51069068909
75	85	4.52099323273
80	85	4.53065681458
85	85	4.53277873993
90	85	4.53997325897
95	85	4.55171394348
100	85	4.5615477562
105	85	4.57029485703
110	85	4.57771444321
115	85	4.58394908905
120	85	4.59126901627
125	85	4.59563159943
130	85	4.60661315918
135	85	4.60854673386
140	85	4.5989780426
145	85	4.60997676849
150	85	4.61309289932
155	85	4.61019468307
160	85	4.60403490067
165	85	4.60052728653
170	85	4.60067415237
175	85	4.59092569351
180	85	4.59228086472
185	85	4.5925989151
190	85	4.58563137054
0	80	4.28898954391
5	80	4.30113172531
10	80	4.32087850571
15	80	4.33333396912
20	80	4.34832620621
25	80	4.36521339417
30	80	4.39512205124
35	80	4.41817378998
40	80	4.43851852417
45	80	4.45755147934
50	80	4.47568368912
55	80	4.49702072144
60	80	4.50681591034
65	80	4.51410102844
70	80	4.5184469223
75	80	4.52912950516
80	80	4.53886127472
85	80	4.5409040451
90	80	4.54822826385
95	80	4.56040000916
100	80	4.5696849823
105	80	4.57829856873
110	80	4.58561515808
115	80	4.59151744843
120	80	4.59956407547
125	80	4.60224914551
130	80	4.61587524414
135	80	4.61904287338
140	80	4.60463762283
145	80	4.62003326416
150	80	4.62230587006
155	80	4.61929702759
160	80	4.61258888245
165	80	4.6090259552
170	80	4.61126470566
175	80	4.59838485718
180	80	4.60185909271
185	80	4.60277175903
190	80	4.59411287308
0	75	4.29721403122
5	75	4.31065511703
10	75	4.32874345779
15	75	4.34195041656
20	75	4.35679006577
25	75	4.37473201752
30	75	4.40273475647
35	75	4.42638540268
40	75	4.44655418396
45	75	4.46517658234
50	75	4.4828004837
55	75	4.50272941589
60	75	4.51465797424
65	75	4.52336835861
70	75	4.52918195724
75	75	4.53872680664
80	75	4.54719400406
85	75	4.55139160156
90	75	4.55847644806
95	75	4.56949090958
100	75	4.57879257202
105	75	4.58681154251
110	75	4.59410333633
115	75	4.59998321533
120	75	4.60712766647
125	75	4.61129760742
130	75	4.62241315842
135	75	4.62500524521
140	75	4.6155667305
145	75	4.62643241882
150	75	4.6295170784
155	75	4.62688016891
160	75	4.62106227875
165	75	4.61789608002
170	75	4.61817884445
175	75	4.60911607742
180	75	4.61106443405
185	75	4.61147260666
190	75	4.60446977615
0	70	4.30555915833
5	70	4.31801605225
10	70	4.33734035492
15	70	4.34965467453
20	70	4.36490678787
25	70	4.38187980652
30	70	4.41211843491
35	70	4.43579101562
40	70	4.45546102524
45	70	4.47376918793
50	70	4.48949432373
55	70	4.51058149338
60	70	4.52263832092
65	70	4.53280878067
70	70	4.53814315796
75	70	4.54791402817
80	70	4.55609369278
85	70	4.56062793732
90	70	4.56732797623
95	70	4.57865428925
100	70	4.58756732941
105	70	4.59480810165
110	70	4.60243940353
115	70	4.6074757576
120	70	4.61524009705
125	70	4.61731100082
130	70	4.62998867035
135	70	4.63361930847
140	70	4.61975240707
145	70	4.63471126556
150	70	4.63706874847
155	70	4.63461303711
160	70	4.62869215012
165	70	4.62580823898
170	70	4.62850046158
175	70	4.61706399918
180	70	4.62107086182
185	70	4.62182617188
190	70	4.61317777634
0	65	4.31070613861
5	65	4.32367324829
10	65	4.34188985825
15	65	4.35587501526
20	65	4.37205982208
25	65	4.39127635956
30	65	4.42096757889
35	65	4.44644927979
40	65	4.46674203873
45	65	4.48450231552
50	65	4.50004386902
55	65	4.51837587357
60	65	4.5306725502
65	65	4.53929710388
70	65	4.54537677765
75	65	4.55399227142
80	65	4.56122016907
85	65	4.56778812408
90	65	4.57483768463
95	65	4.58523416519
100	65	4.59413909912
105	65	4.60140609741
110	65	4.6088924408
115	65	4.61435174942
120	65	4.62123775482
125	65	4.62489795685
130	65	4.63532352448
135	65	4.63825035095
140	65	4.6295633316
145	65	4.64058494568
150	65	4.64412593842
155	65	4.64247179031
160	65	4.63799905777
165	65	4.63606357574
170	65	4.63727998734
175	65	4.62952756882
180	65	4.63183736801
185	65	4.631980896
190	65	4.62493038177
0	60	4.33518314362
5	60	4.34506797791
10	60	4.36290311813
15	60	4.37426567078
20	60	4.38915872574
25	60	4.40508556366
30	60	4.43458080292
35	60	4.45861244202
40	60	4.47681570053
45	60	4.49315643311
50	60	4.50655221939
55	60	4.5248260498
60	60	4.53686571121
65	60	4.54431915283
70	60	4.5500202179
75	60	4.55892372131
80	60	4.56507921219
85	60	4.57351255417
90	60	4.57986974716
95	60	4.59038543701
100	60	4.59892416
105	60	4.60541915894
110	60	4.61333179474
115	60	4.61790323257
120	60	4.62550210953
125	60	4.62702703476
130	60	4.63865756989
135	60	4.64228773117
140	60	4.62911319733
145	60	4.64391183853
150	60	4.64645290375
155	60	4.64481830597
160	60	4.6402888298
165	60	4.63876342773
170	60	4.64221572876
175	60	4.6320605278
180	60	4.63597011566
185	60	4.63623332977
190	60	4.62781381607
0	55	4.39820289612
5	55	4.40572834015
10	55	4.41502046585
15	55	4.41996192932
20	55	4.42710113525
25	55	4.43583440781
30	55	4.45176553726
35	55	4.46781730652
40	55	4.48075246811
45	55	4.49299526215
50	55	4.50564098358
55	55	4.52385759354
60	55	4.53878164291
65	55	4.54843950272
70	55	4.55505275726
75	55	4.56316709518
80	55	4.56983947754
85	55	4.57847929001
90	55	4.58480739594
95	55	4.59337568283
100	55	4.6012301445
105	55	4.60700798035
110	55	4.61370801926
115	55	4.61771392822
120	55	4.62441444397
125	55	4.62653970718
130	55	4.63419723511
135	55	4.63583135605
140	55	4.62626504898
145	55	4.63487291336
150	55	4.6369137764
155	55	4.63448429108
160	55	4.6296749115
165	55	4.6282453537
170	55	4.62945270538
175	55	4.62271022797
180	55	4.62400388718
185	55	4.62405109406
190	55	4.61836910248
0	50	4.44690132141
5	50	4.4521818161
10	50	4.45656871796
15	50	4.45529651642
20	50	4.45755052567
25	50	4.45949029922
30	50	4.46619653702
35	50	4.47688102722
40	50	4.48521995544
45	50	4.49412870407
50	50	4.50419855118
55	50	4.52379608154
60	50	4.54087162018
65	50	4.55205345154
70	50	4.55826473236
75	50	4.56654548645
80	50	4.57245159149
85	50	4.5827922821
90	50	4.58778858185
95	50	4.5954823494
100	50	4.60313653946
105	50	4.60745859146
110	50	4.6144695282
115	50	4.61638975143
120	50	4.6247792244
125	50	4.62432765961
130	50	4.63156986237
135	50	4.63374948502
140	50	4.61961936951
145	50	4.63017129898
150	50	4.63066196442
155	50	4.62754964828
160	50	4.62147426605
165	50	4.62043237686
170	50	4.62275743484
175	50	4.6143951416
180	50	4.6157283783
185	50	4.61603879929
190	50	4.61028623581
0	45	4.42466115952
5	45	4.43177366257
10	45	4.44006204605
15	45	4.44446754456
20	45	4.45089054108
25	45	4.45681095123
30	45	4.47115707397
35	45	4.48685836792
40	45	4.49802207947
45	45	4.50777578354
50	45	4.51660013199
55	45	4.53046607971
60	45	4.54320907593
65	45	4.55457448959
70	45	4.56035327911
75	45	4.56701660156
80	45	4.57199430466
85	45	4.58331298828
90	45	4.58973836899
95	45	4.59751939774
100	45	4.60485744476
105	45	4.61009454727
110	45	4.61717939377
115	45	4.62096595764
120	45	4.62757778168
125	45	4.62945461273
130	45	4.63606595993
135	45	4.63778305054
140	45	4.62928152084
145	45	4.63804292679
150	45	4.64053201675
155	45	4.6386179924
160	45	4.63495063782
165	45	4.63494682312
170	45	4.63611555099
175	45	4.62992572784
180	45	4.63048362732
185	45	4.6291642189
190	45	4.62309503555
0	40	4.38419485092
5	40	4.39298915863
10	40	4.40736150742
15	40	4.41716051102
20	40	4.4307103157
25	40	4.43971395493
30	40	4.46514034271
35	40	4.48788976669
40	40	4.50072622299
45	40	4.51089334488
50	40	4.51544857025
55	40	4.52554273605
60	40	4.53620290756
65	40	4.55440759659
70	40	4.55991220474
75	40	4.56665039062
80	40	4.56789684296
85	40	4.58280563354
90	40	4.58801651001
95	40	4.59600830078
100	40	4.60281467438
105	40	4.60706281662
110	40	4.61491918564
115	40	4.61761522293
120	40	4.62403297424
125	40	4.62469911575
130	40	4.6336388588
135	40	4.63734292984
140	40	4.62589216232
145	40	4.63964605331
150	40	4.64230680466
155	40	4.64055728912
160	40	4.63726520538
165	40	4.63845205307
170	40	4.64065933228
175	40	4.63227462769
180	40	4.63543081284
185	40	4.63394212723
190	40	4.62639188766
0	35	4.37620019913
5	35	4.3858423233
10	35	4.39429426193
15	35	4.40501976013
20	35	4.41688632965
25	35	4.42741584778
30	35	4.44825410843
35	35	4.46750974655
40	35	4.47607326508
45	35	4.48016643524
50	35	4.47543621063
55	35	4.48434066772
60	35	4.50524806976
65	35	4.55238771439
70	35	4.56147670746
75	35	4.56588792801
80	35	4.56805610657
85	35	4.57699012756
90	35	4.58259916306
95	35	4.58791637421
100	35	4.59126806259
105	35	4.59436941147
110	35	4.59680318832
115	35	4.59711551666
120	35	4.59859466553
125	35	4.59894514084
130	35	4.60695362091
135	35	4.61108016968
140	35	4.60038852692
145	35	4.60795116425
150	35	4.60940933228
155	35	4.60546541214
160	35	4.59911108017
165	35	4.59956645966
170	35	4.59800815582
175	35	4.59166288376
180	35	4.59580421448
185	35	4.59851551056
190	35	4.59694337845
0	30	4.35778045654
5	30	4.36717033386
10	30	4.3658657074
15	30	4.37530040741
20	30	4.38435125351
25	30	4.39073371887
30	30	4.40639305115
35	30	4.42053937912
40	30	4.4204916954
45	30	4.42017841339
50	30	4.40111970901
55	30	4.41459941864
60	30	4.44473695755
65	30	4.54425954819
70	30	4.548183918
75	30	4.55207777023
80	30	4.55324792862
85	30	4.55999422073
90	30	4.56492042542
95	30	4.56801509857
100	30	4.56783294678
105	30	4.57129430771
110	30	4.57001066208
115	30	4.56914329529
120	30	4.5692024231
125	30	4.5691576004
130	30	4.58211231232
135	30	4.59258413315
140	30	4.57362174988
145	30	4.58396911621
150	30	4.58372068405
155	30	4.57599592209
160	30	4.56209945679
165	30	4.56113386154
170	30	4.55041027069
175	30	4.53471279144
180	30	4.53348445892
185	30	4.52546834946
190	30	4.51277303696
0	25	4.29066801071
5	25	4.29459667206
10	25	4.28844070435
15	25	4.29440784454
20	25	4.30305719376
25	25	4.3138384819
30	25	4.32466840744
35	25	4.33197975159
40	25	4.32891798019
45	25	4.32221412659
50	25	4.29936027527
55	25	4.32198238373
60	25	4.37844371796
65	25	4.49258899689
70	25	4.51304960251
75	25	4.51332092285
80	25	4.51209020615
85	25	4.52240943909
90	25	4.52815198898
95	25	4.52872133255
100	25	4.52905130386
105	25	4.53781795502
110	25	4.53795003891
115	25	4.54432439804
120	25	4.54990005493
125	25	4.56073045731
130	25	4.5845246315
135	25	4.60134124756
140	25	4.58785533905
145	25	4.60261583328
150	25	4.60699653625
155	25	4.59436130524
160	25	4.57830047607
165	25	4.56937026978
170	25	4.5340514183
175	25	4.50516080856
180	25	4.47843694687
185	25	4.41459512711
190	25	4.32626914978
0	20	4.16206073761
5	20	4.16565227509
10	20	4.15026807785
15	20	4.15986299515
20	20	4.17224216461
25	20	4.19241952896
30	20	4.20121622086
35	20	4.20397615433
40	20	4.1982254982
45	20	4.19561576843
50	20	4.15742731094
55	20	4.20112228394
60	20	4.2742395401
65	20	4.44017648697
70	20	4.45018529892
75	20	4.44610357285
80	20	4.4432091713
85	20	4.46979093552
90	20	4.47928285599
95	20	4.47448539734
100	20	4.46688175201
105	20	4.4780664444
110	20	4.46375703812
115	20	4.46902894974
120	20	4.46788024902
125	20	4.47594928741
130	20	4.51002597809
135	20	4.5411028862
140	20	4.50773143768
145	20	4.52297639847
150	20	4.51424598694
155	20	4.47741889954
160	20	4.44541597366
165	20	4.4349489212
170	20	4.36205530167
175	20	4.32076787949
180	20	4.27436447144
185	20	4.15407419205
190	20	3.9927175045
0	15	3.96910810471
5	15	3.96455407143
10	15	3.94832634926
15	15	3.9661693573
20	15	3.99099373817
25	15	4.02807092667
30	15	4.03841972351
35	15	4.02906847
40	15	4.0241560936
45	15	4.01971626282
50	15	3.98878574371
55	15	4.05450963974
60	15	4.18147611618
65	15	4.33317327499
70	15	4.35619020462
75	15	4.34944343567
80	15	4.35059213638
85	15	4.4116692543
90	15	4.43126010895
95	15	4.41732788086
100	15	4.38782787323
105	15	4.37017297745
110	15	4.31748342514
115	15	4.28432559967
120	15	4.25145244598
125	15	4.21859455109
130	15	4.2408914566
135	15	4.30029916763
140	15	4.25220394135
145	15	4.19977235794
150	15	4.12333250046
155	15	4.0340514183
160	15	3.96481513977
165	15	3.94101762772
170	15	3.85707807541
175	15	3.8242726326
180	15	3.72593259811
185	15	3.6137881279
190	15	3.52156853676
0	10	3.745210886
5	10	3.74064183235
10	10	3.7121462822
15	10	3.74449300766
20	10	3.77246761322
25	10	3.831189394
30	10	3.83890843391
35	10	3.81233739853
40	10	3.81160092354
45	10	3.81983137131
50	10	3.76301813126
55	10	3.84898114204
60	10	4.0053935051
65	10	4.15928697586
70	10	4.15714359283
75	10	4.1441950798
80	10	4.13197898865
85	10	4.24484586716
90	10	4.26214790344
95	10	4.23474121094
100	10	4.17835426331
105	10	4.15077018738
110	10	4.05030584335
115	10	3.99096632004
120	10	3.9310965538
125	10	3.84219288826
130	10	3.84675621986
135	10	3.96710467339
140	10	3.87714409828
145	10	3.77839303017
150	10	3.64898514748
155	10	3.51984715462
160	10	3.42134380341
165	10	3.42932415009
170	10	3.31307196617
175	10	3.34057712555
180	10	3.19825196266
185	10	3.11440515518
190	10	3.12151384354
0	5	3.53086423874
5	5	3.52493143082
10	5	3.50875139236
15	5	3.524725914
20	5	3.545992136
25	5	3.5840215683
30	5	3.59006905556
35	5	3.5700199604
40	5	3.56622552872
45	5	3.5663394928
50	5	3.54563832283
55	5	3.59766316414
60	5	3.68649601936
65	5	3.76304554939
70	5	3.77115511894
75	5	3.76459097862
80	5	3.76911330223
85	5	3.81616473198
90	5	3.82386302948
95	5	3.79609966278
100	5	3.75142788887
105	5	3.71161937714
110	5	3.64394021034
115	5	3.58577013016
120	5	3.52158236504
125	5	3.45512008667
130	5	3.44669723511
135	5	3.50141334534
140	5	3.46426224709
145	5	3.38662409782
150	5	3.2884991169
155	5	3.20715427399
160	5	3.15653753281
165	5	3.15750646591
170	5	3.10574531555
175	5	3.11393785477
180	5	3.05003094673
185	5	3.01017141342
190	5	3.02177596092